# rho  Re(G)  Im(G)  |G|
  1.0000000000E-02 -2.1438354021E+02  1.6089723476E+02  2.6804518736E+02
  2.0000000000E-02 -2.1375338504E+02  1.6029787515E+02  2.6718143347E+02
  3.0000000000E-02 -2.1270512510E+02  1.5930187316E+02  2.6574528601E+02
  4.0000000000E-02 -2.1124178083E+02  1.5791361602E+02  2.6374191948E+02
  5.0000000000E-02 -2.0936762385E+02  1.5613922786E+02  2.6117859866E+02
  6.0000000000E-02 -2.0708821620E+02  1.5398655076E+02  2.5806469557E+02
  7.0000000000E-02 -2.0441045527E+02  1.5146511913E+02  2.5441170676E+02
  8.0000000000E-02 -2.0134262128E+02  1.4858612665E+02  2.5023326752E+02
  9.0000000000E-02 -1.9789442304E+02  1.4536238490E+02  2.4554516003E+02
  1.0000000000E-01 -1.9407703827E+02  1.4180827276E+02  2.4036531157E+02
  1.1000000000E-01 -1.8990314438E+02  1.3793967606E+02  2.3471377990E+02
  1.2000000000E-01 -1.8538693626E+02  1.3377391673E+02  2.2861272260E+02
  1.3000000000E-01 -1.8054412792E+02  1.2932967113E+02  2.2208634799E+02
  1.4000000000E-01 -1.7539193556E+02  1.2462687752E+02  2.1516084603E+02
  1.5000000000E-01 -1.6994904044E+02  1.1968663273E+02  2.0786429804E+02
  1.6000000000E-01 -1.6423553066E+02  1.1453107859E+02  2.0022656541E+02
  1.7000000000E-01 -1.5827282200E+02  1.0918327879E+02  1.9227915787E+02
  1.8000000000E-01 -1.5208355842E+02  1.0366708725E+02  1.8405508338E+02
  1.9000000000E-01 -1.4569149396E+02  9.8007009129E+01  1.7558868201E+02
  2.0000000000E-01 -1.3912135816E+02  9.2228056095E+01  1.6691544754E+02
  2.1000000000E-01 -1.3239870752E+02  8.6355597168E+01  1.5807184099E+02
  2.2000000000E-01 -1.2554976607E+02  8.0415206977E+01  1.4909510144E+02
  2.3000000000E-01 -1.1860125813E+02  7.4432512981E+01  1.4002306031E+02
  2.4000000000E-01 -1.1158023636E+02  6.8433043285E+01  1.3089396686E+02
  2.5000000000E-01 -1.0451390796E+02  6.2442076606E+01  1.2174633419E+02
  2.6000000000E-01 -9.7429461926E+01  5.6484495768E+01  1.1261881865E+02
  2.7000000000E-01 -9.0353899566E+01  5.0584646010E+01  1.0355015007E+02
  2.8000000000E-01 -8.3313870326E+01  4.4766199179E+01  9.4579139231E+01
  2.9000000000E-01 -7.6335514467E+01  3.9052024727E+01  8.5744803949E+01
  3.0000000000E-01 -6.9444313736E+01  3.3464068270E+01  7.7086682218E+01
  3.1000000000E-01 -6.2664950814E+01  2.8023238279E+01  6.8645451009E+01
  3.2000000000E-01 -5.6021177993E+01  2.2749301373E+01  6.0464064507E+01
  3.3000000000E-01 -4.9535695280E+01  1.7660786547E+01  5.2589813542E+01
  3.4000000000E-01 -4.3230037967E+01  1.2774898587E+01  4.5078090205E+01
  3.5000000000E-01 -3.7124473592E+01  8.1074408686E+00  3.7999436007E+01
  3.6000000000E-01 -3.1237908194E+01  3.6727476919E+00  3.1453075906E+01
  3.7000000000E-01 -2.5587801781E+01 -5.1637372719E-01  2.5593011582E+01
  3.8000000000E-01 -2.0190093007E+01 -4.4486914815E+00  2.0674397489E+01
  3.9000000000E-01 -1.5059133135E+01 -8.1145873043E+00  1.7106256689E+01
  4.0000000000E-01 -1.0207629480E+01 -1.1506084900E+01  1.5381342247E+01
  4.1000000000E-01 -5.6465985741E+00 -1.4616868179E+01  1.5669617443E+01
  4.2000000000E-01 -1.3853294049E+00 -1.7442289317E+01  1.7497216756E+01
  4.3000000000E-01  2.5686429247E+00 -1.9979366609E+01  2.0143808393E+01
  4.4000000000E-01  6.2095527640E+00 -2.2226772109E+01  2.3077866970E+01
  4.5000000000E-01  9.5334084119E+00 -2.4184809152E+01  2.5995977952E+01
  4.6000000000E-01  1.2537985335E+01 -2.5855379885E+01  2.8735026453E+01
  4.7000000000E-01  1.5222808023E+01 -2.7241943043E+01  3.1206687503E+01
  4.8000000000E-01  1.7589120536E+01 -2.8349462317E+01  3.3362691362E+01
  4.9000000000E-01  1.9639845965E+01 -2.9184345695E+01  3.5177401598E+01
  5.0000000000E-01  2.1379535190E+01 -2.9754376317E+01  3.6638878734E+01
  5.1000000000E-01  2.2814305444E+01 -3.0068635420E+01  3.7744077270E+01
  5.2000000000E-01  2.3951769383E+01 -3.0137418043E+01  3.8496119582E+01
  5.3000000000E-01  2.4800955396E+01 -2.9972142211E+01  3.8902656687E+01
  5.4000000000E-01  2.5372220052E+01 -2.9585252388E+01  3.8974821478E+01
  5.5000000000E-01  2.5677153555E+01 -2.8990117986E+01  3.8726517472E+01
  5.6000000000E-01  2.5728479171E+01 -2.8200927762E+01  3.8173904269E+01
  5.7000000000E-01  2.5539947522E+01 -2.7232580938E+01  3.7335002129E+01
  5.8000000000E-01  2.5126226674E+01 -2.6100575847E+01  3.6229371047E+01
  5.9000000000E-01  2.4502788879E+01 -2.4820896939E+01  3.4877838059E+01
  6.0000000000E-01  2.3685794774E+01 -2.3409900912E+01  3.3302257202E+01
  6.1000000000E-01  2.2691975839E+01 -2.1884202751E+01  3.1525292981E+01
  6.2000000000E-01  2.1538515821E+01 -2.0260562408E+01  2.9570222401E+01
  6.3000000000E-01  2.0242931835E+01 -1.8555772839E+01  2.7460753721E+01
  6.4000000000E-01  1.8822955812E+01 -1.6786550093E+01  2.5220862981E+01
  6.5000000000E-01  1.7296416958E+01 -1.4969426114E+01  2.2874653172E+01
  6.6000000000E-01  1.5681125882E+01 -1.3120644921E+01  2.0446247383E+01
  6.7000000000E-01  1.3994761058E+01 -1.1256062773E+01  1.7959740706E+01
  6.8000000000E-01  1.2254758299E+01 -9.3910529227E+00  1.5439267339E+01
  6.9000000000E-01  1.0478203906E+01 -7.5404155490E+00  1.2909323133E+01
  7.0000000000E-01  8.6817322045E+00 -5.7182933935E+00  1.0395737271E+01
  7.1000000000E-01  6.8814281045E+00 -3.9380936220E+00  7.9285959749E+00
  7.2000000000E-01  5.0927353762E+00 -2.2124163726E+00  5.5525435449E+00
  7.3000000000E-01  3.3303712366E+00 -5.5299040880E-01  3.3759696334E+00
  7.4000000000E-01  1.6082478362E+00  1.0293837592E+00  1.9094742801E+00
  7.5000000000E-01 -6.0598849937E-02  2.5248829838E+00  2.5256100852E+00
  7.6000000000E-01 -1.6640722898E+00  3.9247025850E+00  4.2629129673E+00
  7.7000000000E-01 -3.1910704640E+00  5.2210892840E+00  6.1190443713E+00
  7.8000000000E-01 -4.6315324862E+00  6.4073658732E+00  7.9060376045E+00
  7.9000000000E-01 -5.9764765931E+00  7.4779475966E+00  9.5727724681E+00
  8.0000000000E-01 -7.2180294308E+00  8.4283502888E+00  1.1096712912E+01
  8.1000000000E-01 -8.3494466589E+00  9.2551903916E+00  1.2464822850E+01
  8.2000000000E-01 -9.3651249190E+00  9.9561770118E+00  1.3668614613E+01
  8.3000000000E-01 -1.0260605385E+01  1.0530096277E+01  1.4702481100E+01
  8.4000000000E-01 -1.1032569049E+01  1.0976788256E+01  1.5563015782E+01
  8.5000000000E-01 -1.1678824057E+01  1.1297116793E+01  1.6248685460E+01
  8.6000000000E-01 -1.2198285334E+01  1.1492932616E+01  1.6759643946E+01
  8.7000000000E-01 -1.2590946885E+01  1.1567030142E+01  1.7097605966E+01
  8.8000000000E-01 -1.2857847205E+01  1.1523098447E+01  1.7265747380E+01
  8.9000000000E-01 -1.3001028020E+01  1.1365666826E+01  1.7268616388E+01
  9.0000000000E-01 -1.3023486772E+01  1.1100045425E+01  1.7112048859E+01
  9.1000000000E-01 -1.2929123629E+01  1.0732261604E+01  1.6803085340E+01
  9.2000000000E-01 -1.2722682998E+01  1.0268992385E+01  1.6349888907E+01
  9.3000000000E-01 -1.2409690368E+01  9.7174936908E+00  1.5761665479E+01
  9.4000000000E-01 -1.1996384659E+01  9.0855267851E+00  1.5048589364E+01
  9.5000000000E-01 -1.1489647376E+01  8.3812828327E+00  1.4221740355E+01
  9.6000000000E-01 -1.0896927996E+01  7.6133057004E+00  1.3293060725E+01
  9.7000000000E-01 -1.0226167312E+01  6.7904140685E+00  1.2275350142E+01
  9.8000000000E-01 -9.4857198337E+00  5.9216236018E+00  1.1182330117E+01
  9.9000000000E-01 -8.6842689662E+00  5.0160672191E+00  1.0028831329E+01
  1.0000000000E+00 -7.8307549978E+00  4.0829212898E+00  8.8312496338E+00
  1.0100000000E+00 -6.9342877290E+00  3.1313275296E+00  7.6085188050E+00
  1.0200000000E+00 -6.0040669987E+00  2.1703197877E+00  6.3842860608E+00
  1.0300000000E+00 -5.0493085436E+00  1.2087547220E+00  5.1919750333E+00
  1.0400000000E+00 -4.0791671841E+00  2.5524399205E-01  4.0871450197E+00
  1.0500000000E+00 -3.1026578660E+00 -6.8191176720E-01  3.1767104828E+00
  1.0600000000E+00 -2.1285824115E+00 -1.5947838601E+00  2.6597365740E+00
  1.0700000000E+00 -1.1654864756E+00 -2.4758623411E+00  2.7364672585E+00
  1.0800000000E+00 -2.2155997201E-01 -3.3181204219E+00  3.3255092776E+00
  1.0900000000E+00  6.9540972248E-01 -4.1150555533E+00  4.1734011177E+00
  1.1000000000E+00  1.5780282829E+00 -4.8607075629E+00  5.1104453107E+00
  1.1100000000E+00  2.4195625819E+00 -5.5497731070E+00  6.0542765568E+00
  1.1200000000E+00  3.2135590884E+00 -6.1774796002E+00  6.9633480615E+00
  1.1300000000E+00  3.9543661276E+00 -6.7397868491E+00  7.8142010623E+00
  1.1400000000E+00  4.6370911481E+00 -7.2333758962E+00  8.5921092388E+00
  1.1500000000E+00  5.2570228960E+00 -7.6554422720E+00  9.2866617311E+00
  1.1600000000E+00  5.8108442671E+00 -8.0041357432E+00  9.8910110753E+00
  1.1700000000E+00  6.2960297363E+00 -8.2783366015E+00  1.0400521493E+01
  1.1800000000E+00  6.7114394379E+00 -8.4778685339E+00  1.0812847646E+01
  1.1900000000E+00  7.0579177893E+00 -8.6037107102E+00  1.1128254198E+01
  1.2000000000E+00  7.3422464761E+00 -8.6594241620E+00  1.1353158597E+01
  1.2100000000E+00  7.5785832667E+00 -8.6517071880E+00  1.1501606914E+01
  1.2200000000E+00  7.8070404878E+00 -8.5971877981E+00  1.1612989245E+01
  1.2300000000E+00  8.1111122781E+00 -8.5289088792E+00  1.1769979994E+01
  1.2400000000E+00  8.6765407669E+00 -8.5180554270E+00  1.2158932023E+01
  1.2500000000E+00  9.9276937708E+00 -8.7243213837E+00  1.3216387071E+01
  1.2600000000E+00  1.2801217994E+01 -9.4972316814E+00  1.5939529219E+01
  1.2700000000E+00  1.9352426753E+01 -1.1600245936E+01  2.2562848380E+01
  1.2800000000E+00  3.4075841679E+01 -1.6699369449E+01  3.7947752584E+01
  1.2900000000E+00  6.6772533370E+01 -2.8423708793E+01  7.2570506642E+01
  1.3000000000E+00  1.3865669413E+02 -5.4624364021E+01  1.4902852067E+02
  1.3100000000E+00  2.9536152683E+02 -1.1218508407E+02  3.1594924374E+02
  1.3200000000E+00  6.3443271661E+02 -2.3719293339E+02  6.7732219774E+02
  1.3300000000E+00  1.3634681425E+03 -5.0644358512E+02  1.4544863288E+03
  1.3400000000E+00  2.9214753218E+03 -1.0823343401E+03  3.1155201299E+03
  1.3500000000E+00  6.2312327412E+03 -2.3062138765E+03  6.6443121479E+03
  1.3600000000E+00  1.3223459186E+04 -4.8922738273E+03  1.4099440274E+04
  1.3700000000E+00  2.7912408483E+04 -1.0325426097E+04  2.9760997487E+04
  1.3800000000E+00  5.8603802658E+04 -2.1678038031E+04  6.2484742289E+04
  1.3900000000E+00  1.2238963018E+05 -4.5272587762E+04  1.3049455460E+05
  1.4000000000E+00  2.5425744442E+05 -9.4051287582E+04  2.7109498841E+05
  1.4100000000E+00  5.2546851022E+05 -1.9437431599E+05  5.6026648119E+05
  1.4200000000E+00  1.0804158948E+06 -3.9965396083E+05  1.1519643198E+06
  1.4300000000E+00  2.2102387879E+06 -8.1758518422E+05  2.3566079506E+06
  1.4400000000E+00  4.4990505901E+06 -1.6642367396E+06  4.7969928224E+06
  1.4500000000E+00  9.1130985525E+06 -3.3710138570E+06  9.7165991814E+06
  1.4600000000E+00  1.8369790585E+07 -6.7951463015E+06  1.9586301830E+07
  1.4700000000E+00  3.6852263184E+07 -1.3631976978E+07  3.9292748671E+07
  1.4800000000E+00  7.3582400346E+07 -2.7218780929E+07  7.8455284563E+07
  1.4900000000E+00  1.4623836309E+08 -5.4094866836E+07  1.5592278044E+08
  1.5000000000E+00  2.8930321891E+08 -1.0701582758E+08  3.0846189364E+08
  1.5100000000E+00  5.6973953970E+08 -2.1075171273E+08  6.0746969268E+08
  1.5200000000E+00  1.1170086749E+09 -4.1319142425E+08  1.1909809121E+09
  1.5300000000E+00  2.1803154761E+09 -8.0651804763E+08  2.3247036234E+09
  1.5400000000E+00  4.2373047683E+09 -1.5674166404E+09  4.5179139682E+09
  1.5500000000E+00  8.1995903882E+09 -3.0331012446E+09  8.7425960500E+09
  1.5600000000E+00  1.5799767968E+10 -5.8444743461E+09  1.6846084062E+10
  1.5700000000E+00  3.0317189109E+10 -1.1214597172E+10  3.2324899771E+10
  1.5800000000E+00  5.7933523839E+10 -2.1430124250E+10  6.1770085072E+10
  1.5900000000E+00  1.1025452473E+11 -4.0784126288E+10  1.1755596616E+11
  1.6000000000E+00  2.0898283393E+11 -7.7304602877E+10  2.2282241023E+11
  1.6100000000E+00  3.9454301678E+11 -1.4594495878E+11  4.2067103904E+11
  1.6200000000E+00  7.4194052326E+11 -2.7445037413E+11  7.9107442628E+11
  1.6300000000E+00  1.3898113114E+12 -5.1410351720E+11  1.4818494889E+12
  1.6400000000E+00  2.5934343570E+12 -9.5933434075E+11  2.7651806706E+12
  1.6500000000E+00  4.8211164215E+12 -1.7833736603E+12  5.1403876471E+12
  1.6600000000E+00  8.9287944133E+12 -3.3028401117E+12  9.5200904659E+12
  1.6700000000E+00  1.6475189551E+13 -6.0943184628E+12  1.7566234323E+13
  1.6800000000E+00  3.0288628222E+13 -1.1204031660E+13  3.2294447278E+13
  1.6900000000E+00  5.5482910086E+13 -2.0523619417E+13  5.9157182706E+13
  1.7000000000E+00  1.0127163525E+14 -3.7461273873E+13  1.0797819755E+14
  1.7100000000E+00  1.8419743230E+14 -6.8136259577E+13  1.9639563115E+14
  1.7200000000E+00  3.3385997471E+14 -1.2349775733E+14  3.5596935090E+14
  1.7300000000E+00  6.0304225099E+14 -2.2307066100E+14  6.4297781943E+14
  1.7400000000E+00  1.0855528931E+15 -4.0155561228E+14  1.1574420043E+15
  1.7500000000E+00  1.9475609813E+15 -7.2042002177E+14  2.0765352835E+15
  1.7600000000E+00  3.4824480325E+15 -1.2881883034E+15  3.7130679235E+15
  1.7700000000E+00  6.2065194213E+15 -2.2958463741E+15  6.6175368455E+15
  1.7800000000E+00  1.1025482469E+16 -4.0784233677E+15  1.1755628475E+16
  1.7900000000E+00  1.9523107303E+16 -7.2217698334E+15  2.0815995732E+16
  1.8000000000E+00  3.4460193560E+16 -1.2747129920E+16  3.6742268049E+16
  1.8100000000E+00  6.0634421303E+16 -2.2429207815E+16  6.4649844624E+16
  1.8200000000E+00  1.0635761298E+17 -3.9342619966E+16  1.1340098582E+17
  1.8300000000E+00  1.8598613357E+17 -6.8797912406E+16  1.9830278523E+17
  1.8400000000E+00  3.2424237136E+17 -1.1994011458E+17  3.4571483403E+17
  1.8500000000E+00  5.6357344905E+17 -2.0847079145E+17  6.0089525157E+17
  1.8600000000E+00  9.7664548537E+17 -3.6126978092E+17  1.0413223606E+18
  1.8700000000E+00  1.6874966334E+18 -6.2421988912E+17  1.7992485536E+18
  1.8800000000E+00  2.9072480528E+18 -1.0754166936E+18  3.0997761702E+18
  1.8900000000E+00  4.9942227453E+18 -1.8474070299E+18  5.3249576115E+18
  1.9000000000E+00  8.5548737305E+18 -3.1645232128E+18  9.1214073316E+18
  1.9100000000E+00  1.4612758114E+19 -5.4053880316E+18  1.5580465958E+19
  1.9200000000E+00  2.4890665007E+19 -9.2072763513E+18  2.6539011705E+19
  1.9300000000E+00  4.2280404530E+19 -1.5639894200E+19  4.5080360445E+19
  1.9400000000E+00  7.1623001793E+19 -2.6493979386E+19  7.6366126846E+19
  1.9500000000E+00  1.2100097901E+20 -4.4759328027E+19  1.2901408592E+20
  1.9600000000E+00  2.0387326215E+20 -7.5414515298E+19  2.1737446064E+20
  1.9700000000E+00  3.4259304384E+20 -1.2672818386E+20  3.6528074993E+20
  1.9800000000E+00  5.7418966048E+20 -2.1239781107E+20  6.1221450191E+20
  1.9900000000E+00  9.5984753794E+20 -3.5505605432E+20  1.0234119883E+21
  2.0000000000E+00  1.6004073285E+21 -5.9200475793E+20  1.7063918807E+21
  2.0100000000E+00  2.6616525074E+21 -9.8456868742E+20  2.8379164136E+21
  2.0200000000E+00  4.4154576150E+21 -1.6333166260E+21  4.7078646063E+21
  2.0300000000E+00  7.3065852509E+21 -2.7027701699E+21  7.7904527866E+21
  2.0400000000E+00  1.2060858791E+22 -4.4614177667E+21  1.2859570882E+22
  2.0500000000E+00  1.9859923203E+22 -7.3463602764E+21  2.1175116503E+22
  2.0600000000E+00  3.2622918588E+22 -1.2067504489E+22  3.4783321891E+22
  2.0700000000E+00  5.3459412936E+22 -1.9775106931E+22  5.6999681452E+22
  2.0800000000E+00  8.7396038204E+22 -3.2328562927E+22  9.3183708204E+22
  2.0900000000E+00  1.4253955926E+23 -5.2726636021E+22  1.5197902520E+23
  2.1000000000E+00  2.3193428835E+23 -8.5794531895E+22  2.4729378442E+23
  2.1100000000E+00  3.7652170883E+23 -1.3927868917E+23  4.0145628714E+23
  2.1200000000E+00  6.0984588874E+23 -2.2558735319E+23  6.5023200623E+23
  2.1300000000E+00  9.8551800091E+23 -3.6455176753E+23  1.0507824329E+24
  2.1400000000E+00  1.5890319793E+24 -5.8779688893E+23  1.6942632068E+24
  2.1500000000E+00  2.5564272228E+24 -9.4564488531E+23  2.7257227288E+24
  2.1600000000E+00  4.1037030544E+24 -1.5179958021E+24  4.3754645483E+24
  2.1700000000E+00  6.5730808267E+24 -2.4314403211E+24  7.0083731058E+24
  2.1800000000E+00  1.0505610628E+25 -3.8861176178E+24  1.1201328707E+25
  2.1900000000E+00  1.6754887732E+25 -6.1977800739E+24  1.7864454673E+25
  2.2000000000E+00  2.6664787788E+25 -9.8635390815E+24  2.8430622768E+25
  2.2100000000E+00  4.2346693660E+25 -1.5664413684E+25  4.5151038969E+25
  2.2200000000E+00  6.7111031408E+25 -2.4824959518E+25  7.1555357253E+25
  2.2300000000E+00  1.0613765877E+26 -3.9261251391E+25  1.1316646354E+26
  2.2400000000E+00  1.6751523909E+26 -6.1965356802E+25  1.7860868056E+26
  2.2500000000E+00  2.6384951710E+26 -9.7600251261E+25  2.8132254926E+26
  2.2600000000E+00  4.1474702615E+26 -1.5341856336E+26  4.4221301573E+26
  2.2700000000E+00  6.5064332650E+26 -2.4067867364E+26  6.9373118876E+26
  2.2800000000E+00  1.0186923054E+27 -3.7682321834E+26  1.0861536498E+27
  2.2900000000E+00  1.5918089564E+27 -5.8882409267E+26  1.6972240765E+27
  2.3000000000E+00  2.4825280310E+27 -9.1830888739E+26  2.6469296623E+27
  2.3100000000E+00  3.8642036527E+27 -1.4294028120E+27  4.1201046429E+27
  2.3200000000E+00  6.0033783715E+27 -2.2207022911E+27  6.4009429412E+27
  2.3300000000E+00  9.3091157682E+27 -3.4435235273E+27  9.9255977486E+27
  2.3400000000E+00  1.4408049820E+28 -5.3296639185E+27  1.5362200920E+28
  2.3500000000E+00  2.2258351009E+28 -8.2335591188E+27  2.3732376312E+28
  2.3600000000E+00  3.4322479811E+28 -1.2696186068E+28  3.6595433609E+28
  2.3700000000E+00  5.2828587576E+28 -1.9541757466E+28  5.6327080078E+28
  2.3800000000E+00  8.1165358081E+28 -3.0023777116E+28  8.6540409895E+28
  2.3900000000E+00  1.2447736904E+29 -4.6045269365E+28  1.3272069256E+29
  2.4000000000E+00  1.9056125532E+29 -7.0490277716E+28  2.0318088316E+29
  2.4100000000E+00  2.9121233885E+29 -1.0772199502E+29  3.1049743076E+29
  2.4200000000E+00  4.4424471704E+29 -1.6433001187E+29  4.7366414411E+29
  2.4300000000E+00  6.7651650142E+29 -2.5024937881E+29  7.2131777206E+29
  2.4400000000E+00  1.0284527711E+30 -3.8043368648E+29  1.0965604827E+30
  2.4500000000E+00  1.5607965059E+30 -5.7735229472E+29  1.6641578666E+30
  2.4600000000E+00  2.3646684150E+30 -8.7471155136E+29  2.5212649625E+30
  2.4700000000E+00  3.5765330283E+30 -1.3229908802E+30  3.8133834545E+30
  2.4800000000E+00  5.4004278483E+30 -1.9976655388E+30  5.7580629165E+30
  2.4900000000E+00  8.1409273497E+30 -3.0114002904E+30  8.6800478007E+30
  2.5000000000E+00  1.2251948052E+31 -4.5321028271E+30  1.3063314553E+31
  2.5100000000E+00  1.8408893103E+31 -6.8096106816E+30  1.9627993858E+31
  2.5200000000E+00  2.7615130702E+31 -1.0215078529E+31  2.9443900439E+31
  2.5300000000E+00  4.1358901769E+31 -1.5299019704E+31  4.4097831686E+31
  2.5400000000E+00  6.1844184165E+31 -2.2876704895E+31  6.5939720518E+31
  2.5500000000E+00  9.2329852542E+31 -3.4153620339E+31  9.8444255560E+31
  2.5600000000E+00  1.3762717794E+32 -5.0909497271E+31  1.4674132690E+32
  2.5700000000E+00  2.0482849085E+32 -7.5767850769E+31  2.1839294374E+32
  2.5800000000E+00  3.0437282396E+32 -1.1259017031E+32  3.2452944769E+32
  2.5900000000E+00  4.5160206545E+32 -1.6705155448E+32  4.8150871994E+32
  2.6000000000E+00  6.6903006118E+32 -2.4748007173E+32  7.1333555124E+32
  2.6100000000E+00  9.8964647412E+32 -3.6607888682E+32  1.0551842944E+33
  2.6200000000E+00  1.4617203068E+33 -5.4070312580E+32  1.5585204925E+33
  2.6300000000E+00  2.1557737678E+33 -7.9743957019E+32  2.2985365792E+33
  2.6400000000E+00  3.1746926600E+33 -1.1743465779E+33  3.3849318118E+33
  2.6500000000E+00  4.6683632113E+33 -1.7268683748E+33  4.9775184034E+33
  2.6600000000E+00  6.8548320929E+33 -2.5356623306E+33  7.3087828314E+33
  2.6700000000E+00  1.0050854180E+34 -3.7178988426E+33  1.0716456577E+34
  2.6800000000E+00  1.4715931978E+34 -5.4435519031E+33  1.5690471991E+34
  2.6900000000E+00  2.1515718255E+34 -7.9588522895E+33  2.2940563677E+34
  2.7000000000E+00  3.1413171134E+34 -1.1620006627E+34  3.3493460178E+34
  2.7100000000E+00  4.5799432127E+34 -1.6941610318E+34  4.8832429218E+34
  2.7200000000E+00  6.6681485114E+34 -2.4666064240E+34  7.1097364101E+34
  2.7300000000E+00  9.6950871937E+34 -3.5862974988E+34  1.0337129459E+35
  2.7400000000E+00  1.4076796698E+35 -5.2071301399E+34  1.5009010945E+35
  2.7500000000E+00  2.0411078448E+35 -7.5502363181E+34  2.1762770777E+35
  2.7600000000E+00  2.9555774430E+35 -1.0932939279E+35  3.1513060204E+35
  2.7700000000E+00  4.2740268876E+35 -1.5809998991E+35  4.5570677542E+35
  2.7800000000E+00  6.1724113759E+35 -2.2832289104E+35  6.5811698391E+35
  2.7900000000E+00  8.9022406199E+35 -3.2930166016E+35  9.4917778310E+35
  2.8000000000E+00  1.2822560260E+36 -4.7431770919E+35  1.3671714616E+36
  2.8100000000E+00  1.8445276970E+36 -6.8230691319E+35  1.9666787101E+36
  2.8200000000E+00  2.6499314512E+36 -9.8023279895E+35  2.8254190904E+36
  2.8300000000E+00  3.8021311837E+36 -1.4064415468E+36  4.0539214796E+36
  2.8400000000E+00  5.4483686208E+36 -2.0153991577E+36  5.8091784611E+36
  2.8500000000E+00  7.7975233837E+36 -2.8843720280E+36  8.3139023879E+36
  2.8600000000E+00  1.1145551248E+37 -4.1228367845E+36  1.1883648252E+37
  2.8700000000E+00  1.5911271717E+37 -5.8857184196E+36  1.6964971234E+37
  2.8800000000E+00  2.2686655210E+37 -8.3919919622E+36  2.4189044084E+37
  2.8900000000E+00  3.2307400607E+37 -1.1950789728E+37  3.4446908556E+37
  2.9000000000E+00  4.5951873274E+37 -1.6997999358E+37  4.8994965451E+37
  2.9100000000E+00  6.5279637373E+37 -2.4147508131E+37  6.9602681015E+37
  2.9200000000E+00  9.2625202213E+37 -3.4262871430E+37  9.8759163846E+37
  2.9300000000E+00  1.3126867605E+38 -4.8557429951E+37  1.3996174233E+38
  2.9400000000E+00  1.8581342201E+38 -6.8734007915E+37  1.9811863023E+38
  2.9500000000E+00  2.6271241872E+38 -9.7179618475E+37  2.8011014476E+38
  2.9600000000E+00  3.7100104920E+38 -1.3723652873E+38  3.9557002329E+38
  2.9700000000E+00  5.2331612877E+38 -1.9357920702E+38  5.5797193479E+38
  2.9800000000E+00  7.3731139954E+38 -2.7273792675E+38  7.8613871332E+38
  2.9900000000E+00  1.0376215629E+39 -3.8382527909E+38  1.1063364554E+39
  3.0000000000E+00  1.4585844200E+39 -5.3954311662E+38  1.5551769305E+39
  3.0100000000E+00  2.0480096214E+39 -7.5757664653E+38  2.1836359094E+39
  3.0200000000E+00  2.8723907546E+39 -1.0625224276E+39  3.0626104153E+39
  3.0300000000E+00  4.0241057567E+39 -1.4885518656E+39  4.2905959723E+39
  3.0400000000E+00  5.6313534970E+39 -2.0830868418E+39  6.0042812225E+39
  3.0500000000E+00  7.8718516782E+39 -2.9118666864E+39  8.3931529501E+39
  3.0600000000E+00  1.0991699857E+40 -4.0659257747E+39  1.1719608276E+40
  3.0700000000E+00  1.5331327915E+40 -5.6711920930E+39  1.6346621528E+40
  3.0800000000E+00  2.1361154191E+40 -7.9016774933E+39  2.2775763776E+40
  3.0900000000E+00  2.9730535705E+40 -1.0997584808E+40  3.1699394709E+40
  3.1000000000E+00  4.1334896034E+40 -1.5290139038E+40  4.4072235954E+40
  3.1100000000E+00  5.7407686862E+40 -2.1235604734E+40  6.1209422635E+40
  3.1200000000E+00  7.9646242145E+40 -2.9461840548E+40  8.4920692038E+40
  3.1300000000E+00  1.1038384199E+41 -4.0831947170E+40  1.1769384216E+41
  3.1400000000E+00  1.5282471678E+41 -5.6531197405E+40  1.6294529861E+41
  3.1500000000E+00  2.1136469457E+41 -7.8185646434E+40  2.2536199639E+41
  3.1600000000E+00  2.9202826910E+41 -1.0802380711E+41  3.1136739209E+41
  3.1700000000E+00  4.0306377176E+41 -1.4909680926E+41  4.2975605014E+41
  3.1800000000E+00  5.5575304592E+41 -2.0557790526E+41  5.9255693666E+41
  3.1900000000E+00  7.6551186002E+41 -2.8316952251E+41  8.1620670563E+41
  3.2000000000E+00  1.0533840124E+42 -3.8965594580E+41  1.1231427486E+42
  3.2100000000E+00  1.4480680293E+42 -5.3565301064E+41  1.5439641075E+42
  3.2200000000E+00  1.9886636820E+42 -7.3562406391E+41  2.1203598759E+42
  3.2300000000E+00  2.7283904489E+42 -1.0092554555E+42  2.9090739104E+42
  3.2400000000E+00  3.7396171323E+42 -1.3833170375E+42  3.9872675259E+42
  3.2500000000E+00  5.1206585779E+42 -1.8941763300E+42  5.4597663174E+42
  3.2600000000E+00  7.0049517984E+42 -2.5911928496E+42  7.4688439588E+42
  3.2700000000E+00  9.5734330242E+42 -3.5412964882E+42  1.0207418904E+43
  3.2800000000E+00  1.3071216914E+43 -4.8351572994E+42  1.3936838154E+43
  3.2900000000E+00  1.7830052780E+43 -6.5954922511E+42  1.9010820608E+43
  3.3000000000E+00  2.4298531283E+43 -8.9882389475E+42  2.5907664154E+43
  3.3100000000E+00  3.3082679899E+43 -1.2237572246E+43  3.5273529506E+43
  3.3200000000E+00  4.5000471121E+43 -1.6646067316E+43  4.7980558127E+43
  3.3300000000E+00  6.1154946244E+43 -2.2621748770E+43  6.5204838528E+43
  3.3400000000E+00  8.3032225346E+43 -3.0714345406E+43  8.8530906805E+43
  3.3500000000E+00  1.1263275720E+44 -4.1663840702E+43  1.2009168837E+44
  3.3600000000E+00  1.5264692842E+44 -5.6465432171E+43  1.6275573657E+44
  3.3700000000E+00  2.0668981966E+44 -7.6456369726E+43  2.2037753520E+44
  3.3800000000E+00  2.7961475844E+44 -1.0343194162E+44  2.9813181596E+44
  3.3900000000E+00  3.7793175686E+44 -1.3980025821E+44  4.0295970647E+44
  3.4000000000E+00  5.1036544080E+44 -1.8878863483E+44  5.4416360757E+44
  3.4100000000E+00  6.8859833965E+44 -2.5471854118E+44  7.3419970620E+44
  3.4200000000E+00  9.2826028160E+44 -3.4337158727E+44  9.8973289192E+44
  3.4300000000E+00  1.2502442744E+45 -4.6247627923E+44  1.3330397798E+45
  3.4400000000E+00  1.6824551448E+45 -6.2235485629E+44  1.7938731509E+45
  3.4500000000E+00  2.2621313300E+45 -8.3678214182E+44  2.4119375007E+45
  3.4600000000E+00  3.0389251386E+45 -1.1241249586E+45  3.2401732856E+45
  3.4700000000E+00  4.0789858976E+45 -1.5088525207E+45  4.3491104702E+45
  3.4800000000E+00  5.4703680953E+45 -2.0235369530E+45  5.8326348162E+45
  3.4900000000E+00  7.3301886725E+45 -2.7115008354E+45  7.8156191536E+45
  3.5000000000E+00  9.8140915457E+45 -3.6303182127E+45  1.0464014679E+46
  3.5100000000E+00  1.3128753087E+46 -4.8564404815E+45  1.3998184589E+46
  3.5200000000E+00  1.7548392444E+46 -6.4913037012E+45  1.8710507773E+46
  3.5300000000E+00  2.3436551955E+46 -8.6693853597E+45  2.4988601602E+46
  3.5400000000E+00  3.1274807214E+46 -1.1568824479E+46  3.3345933277E+46
  3.5500000000E+00  4.1700581871E+46 -1.5425409639E+46  4.4462138848E+46
  3.5600000000E+00  5.5556915677E+46 -2.0550988614E+46  5.9236087080E+46
  3.5700000000E+00  7.3957913444E+46 -2.7357678510E+46  7.8855662665E+46
  3.5800000000E+00  9.8374749302E+46 -3.6389679502E+46  1.0488946598E+47
  3.5900000000E+00  1.3074859539E+47 -4.8365048134E+46  1.3940722032E+47
  3.6000000000E+00  1.7363879089E+47 -6.4230506342E+46  1.8513775317E+47
  3.6100000000E+00  2.3041710111E+47 -8.5233299594E+46  2.4567611981E+47
  3.6200000000E+00  3.0552221167E+47 -1.1301533651E+47  3.2575495101E+47
  3.6300000000E+00  4.0479288531E+47 -1.4973642648E+47  4.3159967263E+47
  3.6400000000E+00  5.3590377051E+47 -1.9823548908E+47  5.7139317495E+47
  3.6500000000E+00  7.0893506818E+47 -2.6224127877E+47  7.5588320473E+47
  3.6600000000E+00  9.3711662192E+47 -3.4664763040E+47  9.9917573166E+47
  3.6700000000E+00  1.2377991253E+48 -4.5787271725E+47  1.3197704724E+48
  3.6800000000E+00  1.6337208446E+48 -6.0432762283E+47  1.7419115000E+48
  3.6900000000E+00  2.1546585764E+48 -7.9702704467E+47  2.2973475337E+48
  3.7000000000E+00  2.8395778403E+48 -1.0503846693E+48  3.0276245251E+48
  3.7100000000E+00  3.7394312604E+48 -1.3832483179E+48  3.9870693573E+48
  3.7200000000E+00  4.9207979386E+48 -1.8202461827E+48  5.2466702315E+48
  3.7300000000E+00  6.4706132047E+48 -2.3935364026E+48  6.8991196362E+48
  3.7400000000E+00  8.5023110862E+48 -3.1450792167E+48  9.0653635936E+48
  3.7500000000E+00  1.1163795863E+49 -4.1295857120E+48  1.1903101118E+49
  3.7600000000E+00  1.4647780145E+49 -5.4183419687E+48  1.5617806916E+49
  3.7700000000E+00  1.9205182707E+49 -7.1041650368E+48  2.0477016474E+49
  3.7800000000E+00  2.5162479697E+49 -9.3078213000E+48  2.6828826322E+49
  3.7900000000E+00  3.2944160310E+49 -1.2186333026E+49  3.5125836804E+49
  3.8000000000E+00  4.3101768735E+49 -1.5943721235E+49  4.5956117274E+49
  3.8100000000E+00  5.6351438589E+49 -2.0844890019E+49  6.0083226203E+49
  3.8200000000E+00  7.3622370441E+49 -2.7233558801E+49  7.8497899044E+49
  3.8300000000E+00  9.6119400737E+49 -3.5555407124E+49  1.0248476069E+50
  3.8400000000E+00  1.2540370415E+50 -4.6387927163E+49  1.3370837222E+50
  3.8500000000E+00  1.6349681546E+50 -6.0478902325E+49  1.7432414145E+50
  3.8600000000E+00  2.1301462046E+50 -7.8795971661E+49  2.2712118721E+50
  3.8700000000E+00  2.7733983645E+50 -1.0259043191E+50  2.9570624207E+50
  3.8800000000E+00  3.6084389312E+50 -1.3347931317E+50  3.8474022697E+50
  3.8900000000E+00  4.6917217656E+50 -1.7355089319E+50  5.0024238504E+50
  3.9000000000E+00  6.0961049349E+50 -2.2550025565E+50  6.4998101440E+50
  3.9100000000E+00  7.9155557836E+50 -2.9280333487E+50  8.4397513384E+50
  3.9200000000E+00  1.0271187945E+51 -3.7994023022E+50  1.0951381633E+51
  3.9300000000E+00  1.3319002404E+51 -4.9268155467E+50  1.4201032937E+51
  3.9400000000E+00  1.7259807293E+51 -6.3845537685E+50  1.8402811595E+51
  3.9500000000E+00  2.2351921604E+51 -8.2681714255E+50  2.3832143381E+51
  3.9600000000E+00  2.8927433874E+51 -1.0700510975E+51  3.0843108884E+51
  3.9700000000E+00  3.7412997619E+51 -1.3839395289E+51  3.9890616099E+51
  3.9800000000E+00  4.8356412895E+51 -1.7887460405E+51  5.1558742303E+51
  3.9900000000E+00  6.2460582865E+51 -2.3104716360E+51  6.6596939344E+51
  4.0000000000E+00  8.0626864817E+51 -2.9824583109E+51  8.5966255518E+51
  4.0100000000E+00  1.0401038079E+52 -3.8474350411E+51  1.1089830905E+52
  4.0200000000E+00  1.3409054411E+52 -4.9601266220E+51  1.4297048518E+52
  4.0300000000E+00  1.7276093326E+52 -6.3905781796E+51  1.8420176169E+52
  4.0400000000E+00  2.2244375114E+52 -8.2283891214E+51  2.3717474818E+52
  4.0500000000E+00  2.8623550786E+52 -1.0588102069E+52  3.0519101642E+52
  4.0600000000E+00  3.6809233349E+52 -1.3616057741E+52  3.9246868514E+52
  4.0700000000E+00  4.7306556107E+52 -1.7499109371E+52  5.0439360419E+52
  4.0800000000E+00  6.0760103944E+52 -2.2475694556E+52  6.4783848890E+52
  4.0900000000E+00  7.7991919203E+52 -2.8849893963E+52  8.3156814769E+52
  4.1000000000E+00  1.0004973215E+53 -3.7009272199E+52  1.0667537266E+53
  4.1100000000E+00  1.2826813103E+53 -4.7447505149E+52  1.3676249187E+53
  4.1200000000E+00  1.6434609809E+53 -6.0793061239E+52  1.7522966716E+53
  4.1300000000E+00  2.1044523365E+53 -7.7845535371E+52  2.2438164752E+53
  4.1400000000E+00  2.6931411642E+53 -9.9621650909E+52  2.8714903210E+53
  4.1500000000E+00  3.4444566476E+53 -1.2741346896E+53  3.6725605243E+53
  4.1600000000E+00  4.4027614250E+53 -1.6286200242E+53  4.6943275715E+53
  4.1700000000E+00  5.6243668799E+53 -2.0805025871E+53  5.9968319815E+53
  4.1800000000E+00  7.1807104918E+53 -2.6562077284E+53  7.6562420719E+53
  4.1900000000E+00  9.1623672601E+53 -3.3892399346E+53  9.7691310331E+53
  4.2000000000E+00  1.1684111320E+54 -4.3220551647E+53  1.2457873743E+54
  4.2100000000E+00  1.4891299144E+54 -5.5084220522E+53  1.5877452683E+54
  4.2200000000E+00  1.8967914934E+54 -7.0163979668E+53  2.0224036130E+54
  4.2300000000E+00  2.4146705465E+54 -8.9320779819E+53  2.5745784158E+54
  4.2400000000E+00  3.0721940028E+54 -1.1364314889E+54  3.2756453593E+54
  4.2500000000E+00  3.9065466651E+54 -1.4450658534E+54  4.1652517532E+54
  4.2600000000E+00  4.9646905171E+54 -1.8364825416E+54  5.2934695669E+54
  4.2700000000E+00  6.3059029276E+54 -2.3326087720E+54  6.7235017228E+54
  4.2800000000E+00  8.0049653771E+54 -2.9611068703E+54  8.5350819906E+54
  4.2900000000E+00  1.0156167285E+55 -3.7568553199E+54  1.0828743963E+55
  4.3000000000E+00  1.2878330618E+55 -4.7638074087E+54  1.3731178410E+55
  4.3100000000E+00  1.6321112182E+55 -6.0373225025E+54  1.7401952932E+55
  4.3200000000E+00  2.0672904329E+55 -7.6470885848E+54  2.2041935877E+55
  4.3300000000E+00  2.6170734260E+55 -9.6807840977E+54  2.7903851212E+55
  4.3400000000E+00  3.3112661031E+55 -1.2248663701E+55  3.5305496499E+55
  4.3500000000E+00  4.1873292364E+55 -1.5489298079E+55  4.4646287285E+55
  4.3600000000E+00  5.2923196331E+55 -1.9576754492E+55  5.6427954298E+55
  4.3700000000E+00  6.6853173051E+55 -2.4729575088E+55  7.1280422494E+55
  4.3800000000E+00  8.4404587582E+55 -3.1221997310E+55  8.9994152704E+55
  4.3900000000E+00  1.0650725828E+56 -3.9397969130E+55  1.1356053909E+56
  4.4000000000E+00  1.3432675850E+56 -4.9688646362E+55  1.4322234332E+56
  4.4100000000E+00  1.6932344045E+56 -6.2634226113E+55  1.8053662722E+56
  4.4200000000E+00  2.1332604915E+56 -7.8911177214E+55  2.2745324164E+56
  4.4300000000E+00  2.6862348672E+56 -9.9366184663E+55  2.8641266780E+56
  4.4400000000E+00  3.3807914538E+56 -1.2505844238E+56  3.6046792167E+56
  4.4500000000E+00  4.2527328859E+56 -1.5731232126E+56  4.5343636424E+56
  4.4600000000E+00  5.3468027360E+56 -1.9778292534E+56  5.7008866024E+56
  4.4700000000E+00  6.7188903247E+56 -2.4853764967E+56  7.1638386027E+56
  4.4800000000E+00  8.4387723614E+56 -3.1215759602E+56  8.9976172092E+56
  4.4900000000E+00  1.0593520458E+57 -3.9186361980E+56  1.1295060219E+57
  4.5000000000E+00  1.3291734184E+57 -4.9167291442E+56  1.4171959042E+57
  4.5100000000E+00  1.6668797111E+57 -6.1659343719E+56  1.7772662822E+57
  4.5200000000E+00  2.0893399948E+57 -7.7286520563E+56  2.2277033555E+57
  4.5300000000E+00  2.6175632324E+57 -9.6825961963E+56  2.7909073734E+57
  4.5400000000E+00  3.2777015651E+57 -1.2124505860E+57  3.4947623629E+57
  4.5500000000E+00  4.1022936792E+57 -1.5174744508E+57  4.3739618356E+57
  4.5600000000E+00  5.1318049744E+57 -1.8982997207E+57  5.4716509506E+57
  4.5700000000E+00  6.4165344808E+57 -2.3735324492E+57  6.8414597149E+57
  4.5800000000E+00  8.0189747519E+57 -2.9662891810E+57  8.5500191566E+57
  4.5900000000E+00  1.0016730969E+58 -3.7052767544E+57  1.0680073741E+58
  4.6000000000E+00  1.2506130088E+58 -4.6261273577E+57  1.3334329534E+58
  4.6100000000E+00  1.5606681094E+58 -5.7730484141E+57  1.6640209817E+58
  4.6200000000E+00  1.9466584506E+58 -7.2008605988E+57  2.0755729467E+58
  4.6300000000E+00  2.4269534867E+58 -8.9775141379E+57  2.5876747917E+58
  4.6400000000E+00  3.0243115800E+58 -1.1187194214E+58  3.2245920171E+58
  4.6500000000E+00  3.7669155773E+58 -1.3934151656E+58  4.0163738359E+58
  4.6600000000E+00  4.6896496712E+58 -1.7347426159E+58  5.0002145936E+58
  4.6700000000E+00  5.8356730553E+58 -2.1586667375E+58  6.2221316356E+58
  4.6800000000E+00  7.2583584865E+58 -2.6849305825E+58  7.7390322491E+58
  4.6900000000E+00  9.0236793076E+58 -3.3379382706E+58  9.6212587609E+58
  4.7000000000E+00  1.1213147361E+59 -4.1478417490E+58  1.1955721012E+59
  4.7100000000E+00  1.3927427331E+59 -5.1518777701E+58  1.4849750052E+59
  4.7200000000E+00  1.7290781296E+59 -6.3960119695E+58  1.8435837028E+59
  4.7300000000E+00  2.1456531778E+59 -7.9369596970E+58  2.2877458014E+59
  4.7400000000E+00  2.6613773756E+59 -9.8446688479E+58  2.8376230515E+59
  4.7500000000E+00  3.2995617568E+59 -1.2205368988E+59  3.5180702251E+59
  4.7600000000E+00  4.0889307508E+59 -1.5125314308E+59  4.3597139831E+59
  4.7700000000E+00  5.0648637527E+59 -1.8735376304E+59  5.4002766675E+59
  4.7800000000E+00  6.2709178999E+59 -2.3196676658E+59  6.6861999212E+59
  4.7900000000E+00  7.7606949444E+59 -2.8707492970E+59  8.2746351912E+59
  4.8000000000E+00  9.6001289978E+59 -3.5511721319E+59  1.0235882975E+60
  4.8100000000E+00  1.1870288840E+60 -4.3909242256E+59  1.2656380711E+60
  4.8200000000E+00  1.4670809075E+60 -5.4268612951E+59  1.5642361152E+60
  4.8300000000E+00  1.8124089481E+60 -6.7042600959E+59  1.9324329819E+60
  4.8400000000E+00  2.2380432382E+60 -8.2787187805E+59  2.3862542578E+60
  4.8500000000E+00  2.7624324948E+60 -1.0218480777E+60  2.9453703982E+60
  4.8600000000E+00  3.4082118379E+60 -1.2607275386E+60  3.6339154996E+60
  4.8700000000E+00  4.2031410692E+60 -1.5547788560E+60  4.4814877148E+60
  4.8800000000E+00  5.1812506313E+60 -1.9165901900E+60  5.5243711009E+60
  4.8900000000E+00  6.3842406400E+60 -2.3615867808E+60  6.8070273007E+60
  4.9000000000E+00  7.8631881787E+60 -2.9086624912E+60  8.3839159002E+60
  4.9100000000E+00  9.6806299292E+60 -3.5809501905E+60  1.0321714978E+61
  4.9200000000E+00  1.1913101619E+61 -4.4067611185E+60  1.2702028726E+61
  4.9300000000E+00  1.4654233239E+61 -5.4207298329E+60  1.5624687637E+61
  4.9400000000E+00  1.8018520134E+61 -6.6652091708E+60  1.9211769338E+61
  4.9500000000E+00  2.2145915724E+61 -8.1919691348E+60  2.3612495454E+61
  4.9600000000E+00  2.7207422618E+61 -1.0064265096E+61  2.9009192981E+61
  4.9700000000E+00  3.3411896452E+61 -1.2359354595E+61  3.5624548707E+61
  4.9800000000E+00  4.1014322229E+61 -1.5171558829E+61  4.3730433627E+61
  4.9900000000E+00  5.0325877835E+61 -1.8615985241E+61  5.3658632916E+61
  5.0000000000E+00  6.1726165878E+61 -2.2833052180E+61  6.5813887788E+61
