# rho, Re(G), Im(G)
  0.000000000000E+00  1.154394239254E+01  4.224233488484E+01
  2.605210420842E-03  1.153845465904E+01  4.223441918963E+01
  5.210420841683E-03  1.152197893128E+01  4.221066289346E+01
  7.815631262525E-03  1.149447823776E+01  4.217103855899E+01
  1.042084168337E-02  1.145589297953E+01  4.211550110300E+01
  1.302605210421E-02  1.140614391263E+01  4.204398875785E+01
  1.563126252505E-02  1.134513622876E+01  4.195642440320E+01
  1.823647294589E-02  1.127276464184E+01  4.185271725425E+01
  2.084168336673E-02  1.118891936502E+01  4.173276488843E+01
  2.344689378758E-02  1.109349284213E+01  4.159645558942E+01
  2.605210420842E-02  1.098638707982E+01  4.144367098358E+01
  2.865731462926E-02  1.086752141201E+01  4.127428894097E+01
  3.126252505010E-02  1.073684051726E+01  4.108818671023E+01
  3.386773547094E-02  1.059432250247E+01  4.088524425399E+01
  3.647294589178E-02  1.043998686285E+01  4.066534774919E+01
  3.907815631263E-02  1.027390212882E+01  4.042839321507E+01
  4.168336673347E-02  1.009619301486E+01  4.017429022977E+01
  4.428857715431E-02  9.907046894137E+00  3.990296569546E+01
  4.689378757515E-02  9.706719434527E+00  3.961436761127E+01
  4.949899799599E-02  9.495539247382E+00  3.930846881293E+01
  5.210420841683E-02  9.273911419140E+00  3.898527063790E+01
  5.470941883768E-02  9.042319817231E+00  3.864480647561E+01
  5.731462925852E-02  8.801328085528E+00  3.828714516297E+01
  5.991983967936E-02  8.551579270113E+00  3.791239418674E+01
  6.252505010020E-02  8.293794042981E+00  3.752070265603E+01
  6.513026052104E-02  8.028767518872E+00  3.711226401007E+01
  6.773547094188E-02  7.757364688170E+00  3.668731842885E+01
  7.034068136273E-02  7.480514516181E+00  3.624615491693E+01
  7.294589178357E-02  7.199202785534E+00  3.578911303355E+01
  7.555110220441E-02  6.914463783422E+00  3.531658424547E+01
  7.815631262525E-02  6.627370958391E+00  3.482901288258E+01
  8.076152304609E-02  6.339026691988E+00  3.432689667967E+01
  8.336673346693E-02  6.050551348334E+00  3.381078689196E+01
  8.597194388778E-02  5.763071779290E+00  3.328128797554E+01
  8.857715430862E-02  5.477709474059E+00  3.273905682838E+01
  9.118236472946E-02  5.195568549545E+00  3.218480159115E+01
  9.378757515030E-02  4.917723781569E+00  3.161928001169E+01
  9.639278557114E-02  4.645208876914E+00  3.104329738075E+01
  9.899799599198E-02  4.379005182273E+00  3.045770405071E+01
  1.016032064128E-01  4.120031018596E+00  2.986339255282E+01
  1.042084168337E-01  3.869131818147E+00  2.926129433259E+01
  1.068136272545E-01  3.627071227209E+00  2.865237612600E+01
  1.094188376754E-01  3.394523319932E+00  2.803763600313E+01
  1.120240480962E-01  3.172066048827E+00  2.741809910843E+01
  1.146292585170E-01  2.960176035166E+00  2.679481313028E+01
  1.172344689379E-01  2.759224778598E+00  2.616884353430E+01
  1.198396793587E-01  2.569476340030E+00  2.554126859795E+01
  1.224448897796E-01  2.391086525802E+00  2.491317428504E+01
  1.250501002004E-01  2.224103574944E+00  2.428564900087E+01
  1.276553106212E-01  2.068470325238E+00  2.365977826962E+01
  1.302605210421E-01  1.924027808546E+00  2.303663937631E+01
  1.328657314629E-01  1.790520201821E+00  2.241729601620E+01
  1.354709418838E-01  1.667601037766E+00  2.180279299443E+01
  1.380761523046E-01  1.554840558832E+00  2.119415101810E+01
  1.406813627255E-01  1.451734080286E+00  2.059236162247E+01
  1.432865731463E-01  1.357711212920E+00  1.999838227159E+01
  1.458917835671E-01  1.272145783719E+00  1.941313167215E+01
  1.484969939880E-01  1.194366283775E+00  1.883748533761E+01
  1.511022044088E-01  1.123666666879E+00  1.827227143708E+01
  1.537074148297E-01  1.059317319751E+00  1.771826696143E+01
  1.563126252505E-01  1.000576025656E+00  1.717619423576E+01
  1.589178356713E-01  9.466987471485E-01  1.664671780459E+01
  1.615230460922E-01  8.969500607985E-01  1.613044171292E+01
  1.641282565130E-01  8.506130866400E-01  1.562790720248E+01
  1.667334669339E-01  8.069987676954E-01  1.513959083929E+01
  1.693386773547E-01  7.654543697637E-01  1.466590308445E+01
  1.719438877756E-01  7.253710885300E-01  1.420718731667E+01
  1.745490981964E-01  6.861906695079E-01  1.376371931069E+01
  1.771543086172E-01  6.474109660073E-01  1.333570717232E+01
  1.797595190381E-01  6.085903808187E-01  1.292329172648E+01
  1.823647294589E-01  5.693511581968E-01  1.252654735108E+01
  1.849699398798E-01  5.293815136276E-01  1.214548324577E+01
  1.875751503006E-01  4.884366093545E-01  1.178004512094E+01
  1.901803607214E-01  4.463384033592E-01  1.143011728898E+01
  1.927855711423E-01  4.029744180822E-01  1.109552513641E+01
  1.953907815631E-01  3.582954923110E-01  1.077603795268E+01
  1.979959919840E-01  3.123125950825E-01  1.047137208847E+01
  2.006012024048E-01  2.650927938974E-01  1.018119441386E+01
  2.032064128257E-01  2.167544808411E-01  9.905126044538E+00
  2.058116232465E-01  1.674619692048E-01  9.642746302343E+00
  2.084168336673E-01  1.174195798114E-01  9.393596874730E+00
  2.110220440882E-01  6.686534042698E-02  9.157186136617E+00
  2.136272545090E-01  1.606442339372E-02  8.932993597139E+00
  2.162324649299E-01 -3.469755398901E-02  8.720474433237E+00
  2.188376753507E-01 -8.512124468958E-02  8.519064071889E+00
  2.214428857715E-01 -1.349001861268E-01  8.328182782860E+00
  2.240480961924E-01 -1.837272036065E-01  8.147240244413E+00
  2.266533066132E-01 -2.313005019806E-01  7.975640045210E+00
  2.292585170341E-01 -2.773293546663E-01  7.812784086802E+00
  2.318637274549E-01 -3.215393105626E-01  7.658076852578E+00
  2.344689378758E-01 -3.636768517614E-01  7.510929510793E+00
  2.370741482966E-01 -4.035134479959E-01  7.370763821332E+00
  2.396793587174E-01 -4.408489672035E-01  7.237015818131E+00
  2.422845691383E-01 -4.755144151369E-01  7.109139241705E+00
  2.448897795591E-01 -5.073739903628E-01  6.986608698905E+00
  2.474949899800E-01 -5.363264539840E-01  6.868922529925E+00
  2.501002004008E-01 -5.623058257838E-01  6.755605365564E+00
  2.527054108216E-01 -5.852814299941E-01  6.646210360895E+00
  2.553106212425E-01 -6.052573243711E-01  6.540321094664E+00
  2.579158316633E-01 -6.222711555480E-01  6.437553127017E+00
  2.605210420842E-01 -6.363924916147E-01  6.337555211383E+00
  2.631262525050E-01 -6.477206894642E-01  6.240010159602E+00
  2.657314629259E-01 -6.563823595751E-01  6.144635362589E+00
  2.683366733467E-01 -6.625284945644E-01  6.051182971908E+00
  2.709418837675E-01 -6.663313300402E-01  5.959439750695E+00
  2.735470941884E-01 -6.679810070600E-01  5.869226605189E+00
  2.761523046092E-01 -6.676821049138E-01  5.780397810900E+00
  2.787575150301E-01 -6.656501111068E-01  5.692839949930E+00
  2.813627254509E-01 -6.621078924143E-01  5.606470578341E+00
  2.839679358717E-01 -6.572822268627E-01  5.521236644521E+00
  2.865731462926E-01 -6.514004515928E-01  5.437112681405E+00
  2.891783567134E-01 -6.446872759470E-01  5.354098796977E+00
  2.917835671343E-01 -6.373618029447E-01  5.272218488870E+00
  2.943887775551E-01 -6.296347957349E-01  5.191516309882E+00
  2.969939879760E-01 -6.217062188072E-01  5.112055412079E+00
  2.995991983968E-01 -6.137630768504E-01  5.033914997606E+00
  3.022044088176E-01 -6.059775673234E-01  4.957187704560E+00
  3.048096192385E-01 -5.985055561832E-01  4.881976956221E+00
  3.074148296593E-01 -5.914853799123E-01  4.808394301591E+00
  3.100200400802E-01 -5.850369711240E-01  4.736556774564E+00
  3.126252505010E-01 -5.792612996712E-01  4.666584298214E+00
  3.152304609218E-01 -5.742401164257E-01  4.598597159554E+00
  3.178356713427E-01 -5.700359827731E-01  4.532713578795E+00
  3.204408817635E-01 -5.666925654280E-01  4.469047395573E+00
  3.230460921844E-01 -5.642351734131E-01  4.407705892886E+00
  3.256513026052E-01 -5.626715119820E-01  4.348787777556E+00
  3.282565130261E-01 -5.619926268644E-01  4.292381333987E+00
  3.308617234469E-01 -5.621740114511E-01  4.238562765798E+00
  3.334669338677E-01 -5.631768493645E-01  4.187394737630E+00
  3.360721442886E-01 -5.649493652270E-01  4.138925127056E+00
  3.386773547094E-01 -5.674282572773E-01  4.093185994144E+00
  3.412825651303E-01 -5.705401867277E-01  4.050192773739E+00
  3.438877755511E-01 -5.742033003244E-01  4.009943693161E+00
  3.464929859719E-01 -5.783287644037E-01  3.972419415542E+00
  3.490981963928E-01 -5.828222907441E-01  3.937582906729E+00
  3.517034068136E-01 -5.875856366357E-01  3.905379521341E+00
  3.543086172345E-01 -5.925180637547E-01  3.875737301422E+00
  3.569138276553E-01 -5.975177425783E-01  3.848567479020E+00
  3.595190380762E-01 -6.024830911604E-01  3.823765172118E+00
  3.621242484970E-01 -6.073140390511E-01  3.801210261517E+00
  3.647294589178E-01 -6.119132089667E-01  3.780768434685E+00
  3.673346693387E-01 -6.161870104563E-01  3.762292381116E+00
  3.699398797595E-01 -6.200466412587E-01  3.745623122518E+00
  3.725450901804E-01 -6.234089932939E-01  3.730591460096E+00
  3.751503006012E-01 -6.261974612762E-01  3.717019520345E+00
  3.777555110220E-01 -6.283426527859E-01  3.704722380166E+00
  3.803607214429E-01 -6.297829993130E-01  3.693509751695E+00
  3.829659318637E-01 -6.304652682952E-01  3.683187707039E+00
  3.855711422846E-01 -6.303449765576E-01  3.673560423149E+00
  3.881763527054E-01 -6.293867058324E-01  3.664431927266E+00
  3.907815631263E-01 -6.275643212415E-01  3.655607823815E+00
  3.933867735471E-01 -6.248610937786E-01  3.646896984270E+00
  3.959919839679E-01 -6.212697279712E-01  3.638113182269E+00
  3.985971943888E-01 -6.167922960613E-01  3.629076657291E+00
  4.012024048096E-01 -6.114400802365E-01  3.619615591299E+00
  4.038076152305E-01 -6.052333247063E-01  3.609567484071E+00
  4.064128256513E-01 -5.982008997496E-01  3.598780414294E+00
  4.090180360721E-01 -5.903798802864E-01  3.587114175067E+00
  4.116232464930E-01 -5.818150420469E-01  3.574441274000E+00
  4.142284569138E-01 -5.725582790273E-01  3.560647789827E+00
  4.168336673347E-01 -5.626679466269E-01  3.545634079123E+00
  4.194388777555E-01 -5.522081356495E-01  3.529315328501E+00
  4.220440881764E-01 -5.412478831989E-01  3.511621949440E+00
  4.246492985972E-01 -5.298603273928E-01  3.492499814627E+00
  4.272545090180E-01 -5.181218137334E-01  3.471910336461E+00
  4.298597194389E-01 -5.061109618760E-01  3.449830390058E+00
  4.324649298597E-01 -4.939077024098E-01  3.426252084706E+00
  4.350701402806E-01 -4.815922940663E-01  3.401182389309E+00
  4.376753507014E-01 -4.692443324861E-01  3.374642618792E+00
  4.402805611222E-01 -4.569417622553E-01  3.346667789811E+00
  4.428857715431E-01 -4.447599043643E-01  3.317305855359E+00
  4.454909819639E-01 -4.327705115073E-01  3.286616828924E+00
  4.480961923848E-01 -4.210408637105E-01  3.254671809880E+00
  4.507014028056E-01 -4.096329166416E-01  3.221551922584E+00
  4.533066132265E-01 -3.986025146073E-01  3.187347182289E+00
  4.559118236473E-01 -3.879986796603E-01  3.152155301562E+00
  4.585170340681E-01 -3.778629874532E-01  3.116080451177E+00
  4.611222444890E-01 -3.682290394544E-01  3.079231989694E+00
  4.637274549098E-01 -3.591220399395E-01  3.041723175916E+00
  4.663326653307E-01 -3.505584847634E-01  3.003669878346E+00
  4.689378757515E-01 -3.425459673716E-01  2.965189295424E+00
  4.715430861723E-01 -3.350831057946E-01  2.926398699973E+00
  4.741482965932E-01 -3.281595926003E-01  2.887414220627E+00
  4.767535070140E-01 -3.217563678829E-01  2.848349672421E+00
  4.793587174349E-01 -3.158459134799E-01  2.809315447838E+00
  4.819639278557E-01 -3.103926647043E-01  2.770417478730E+00
  4.845691382766E-01 -3.053535340303E-01  2.731756278488E+00
  4.871743486974E-01 -3.006785393834E-01  2.693426072762E+00
  4.897795591182E-01 -2.963115280129E-01  2.655514025860E+00
  4.923847695391E-01 -2.921909854315E-01  2.618099568739E+00
  4.949899799599E-01 -2.882509175546E-01  2.581253833206E+00
  4.975951903808E-01 -2.844217930083E-01  2.545039195754E+00
  5.002004008016E-01 -2.806315317249E-01  2.509508933052E+00
  5.028056112224E-01 -2.768065252275E-01  2.474706989890E+00
  5.054108216433E-01 -2.728726735854E-01  2.440667859139E+00
  5.080160320641E-01 -2.687564239563E-01  2.407416571909E+00
  5.106212424850E-01 -2.643857955764E-01  2.374968795118E+00
  5.132264529058E-01 -2.596913766257E-01  2.343331032314E+00
  5.158316633267E-01 -2.546072788193E-01  2.312500922730E+00
  5.184368737475E-01 -2.490720365630E-01  2.282467632421E+00
  5.210420841683E-01 -2.430294384599E-01  2.253212330544E+00
  5.236472945892E-01 -2.364292802076E-01  2.224708743033E+00
  5.262525050100E-01 -2.292280294575E-01  2.196923775099E+00
  5.288577154309E-01 -2.213893944902E-01  2.169818193651E+00
  5.314629258517E-01 -2.128847904307E-01  2.143347360036E+00
  5.340681362725E-01 -2.036936982288E-01  2.117462003323E+00
  5.366733466934E-01 -1.938039135757E-01  2.092109023955E+00
  5.392785571142E-01 -1.832116843453E-01  2.067232317715E+00
  5.418837675351E-01 -1.719217371308E-01  2.042773609761E+00
  5.444889779559E-01 -1.599471949600E-01  2.018673288688E+00
  5.470941883768E-01 -1.473093897552E-01  1.994871230859E+00
  5.496993987976E-01 -1.340375746583E-01  1.971307605521E+00
  5.523046092184E-01 -1.201685425517E-01  1.947923651702E+00
  5.549098196393E-01 -1.057461581599E-01  1.924662418497E+00
  5.575150300601E-01 -9.082081237708E-02  1.901469460799E+00
  5.601202404810E-01 -7.544880798027E-02  1.878293483413E+00
  5.627254509018E-01 -5.969168653821E-02  1.855086927220E+00
  5.653306613226E-01 -4.361550686800E-02  1.831806491851E+00
  5.679358717435E-01 -2.729008572046E-02  1.808413590155E+00
  5.705410821643E-01 -1.078821115039E-02  1.784874730815E+00
  5.731462925852E-01  5.815160855505E-03  1.761161826294E+00
  5.757515030060E-01  2.244371600807E-02  1.737252424187E+00
  5.783567134269E-01  3.902058802979E-02  1.713129861207E+00
  5.809619238477E-01  5.546915171966E-02  1.688783339643E+00
  5.835671342685E-01  7.171379437961E-02  1.664207927451E+00
  5.861723446894E-01  8.768065759594E-02  1.639404483761E+00
  5.887775551102E-01  1.032983411057E-01  1.614379512316E+00
  5.913827655311E-01  1.184985636985E-01  1.589144946704E+00
  5.939879759519E-01  1.332167740374E-01  1.563717871267E+00
  5.965931863727E-01  1.473927072471E-01  1.538120182742E+00
  5.991983967936E-01  1.609708835121E-01  1.512378198280E+00
  6.018036072144E-01  1.739010446811E-01  1.486522215615E+00
  6.044088176353E-01  1.861385279870E-01  1.460586032180E+00
  6.070140280561E-01  1.976445733873E-01  1.434606429756E+00
  6.096192384770E-01  2.083865660504E-01  1.408622632021E+00
  6.122244488978E-01  2.183382119401E-01  1.382675742103E+00
  6.148296593186E-01  2.274796477784E-01  1.356808167616E+00
  6.174348697395E-01  2.357974871671E-01  1.331063040685E+00
  6.200400801603E-01  2.432848031068E-01  1.305483640054E+00
  6.226452905812E-01  2.499410503731E-01  1.280112822604E+00
  6.252505010020E-01  2.557719294722E-01  1.254992471049E+00
  6.278557114228E-01  2.607891950296E-01  1.230162964456E+00
  6.304609218437E-01  2.650104125301E-01  1.205662677650E+00
  6.330661322645E-01  2.684586660624E-01  1.181527515217E+00
  6.356713426854E-01  2.711622218349E-01  1.157790485278E+00
  6.382765531062E-01  2.731541491705E-01  1.134481317613E+00
  6.408817635271E-01  2.744719071266E-01  1.111626129914E+00
  6.434869739479E-01  2.751568960103E-01  1.089247145827E+00
  6.460921843687E-01  2.752539838340E-01  1.067362466649E+00
  6.486973947896E-01  2.748110057023E-01  1.045985899751E+00
  6.513026052104E-01  2.738782477038E-01  1.025126843541E+00
  6.539078156313E-01  2.725079145858E-01  1.004790230593E+00
  6.565130260521E-01  2.707535909699E-01  9.849765273321E-01
  6.591182364729E-01  2.686696945787E-01  9.656817914130E-01
  6.617234468938E-01  2.663109340585E-01  9.468977826131E-01
  6.643286573146E-01  2.637317701479E-01  9.286121270567E-01
  6.669338677355E-01  2.609858892385E-01  9.108085306365E-01
  6.695390781563E-01  2.581256909424E-01  8.934670390558E-01
  6.721442885772E-01  2.552017967196E-01  8.765643401477E-01
  6.747494989980E-01  2.522625855380E-01  8.600741032845E-01
  6.773547094188E-01  2.493537558818E-01  8.439673531900E-01
  6.799599198397E-01  2.465179252225E-01  8.282128704155E-01
  6.825651302605E-01  2.437942631944E-01  8.127776164097E-01
  6.851703406814E-01  2.412181720923E-01  7.976271727693E-01
  6.877755511022E-01  2.388210073255E-01  7.827261946349E-01
  6.903807615230E-01  2.366298456596E-01  7.680388697285E-01
  6.929859719439E-01  2.346673086579E-01  7.535293747549E-01
  6.955911823647E-01  2.329514348993E-01  7.391623276161E-01
  6.981963927856E-01  2.314956011447E-01  7.249032311858E-01
  7.008016032064E-01  2.303085057254E-01  7.107188961762E-01
  7.034068136273E-01  2.293941980104E-01  6.965778466789E-01
  7.060120240481E-01  2.287521672759E-01  6.824506965195E-01
  7.086172344689E-01  2.283774797989E-01  6.683104974310E-01
  7.112224448898E-01  2.282609614838E-01  6.541330566490E-01
  7.138276553106E-01  2.283894471984E-01  6.398972018060E-01
  7.164328657315E-01  2.287460389258E-01  6.255850341750E-01
  7.190380761523E-01  2.293104395554E-01  6.111821102229E-01
  7.216432865731E-01  2.300593070976E-01  5.966775908354E-01
  7.242484969940E-01  2.309666330358E-01  5.820643517435E-01
  7.268537074148E-01  2.320041549208E-01  5.673390405155E-01
  7.294589178357E-01  2.331417933019E-01  5.525020819851E-01
  7.320641282565E-01  2.343480926840E-01  5.375576481104E-01
  7.346693386774E-01  2.355906750551E-01  5.225135786292E-01
  7.372745490982E-01  2.368366929368E-01  5.073812615483E-01
  7.398797595190E-01  2.380532889227E-01  4.921754591596E-01
  7.424849699399E-01  2.392080220225E-01  4.769141240601E-01
  7.450901803607E-01  2.402693138613E-01  4.616181334600E-01
  7.476953907816E-01  2.412068232989E-01  4.463110577856E-01
  7.503006012024E-01  2.419918503806E-01  4.310188249662E-01
  7.529058116232E-01  2.425976703578E-01  4.157694119656E-01
  7.555110220441E-01  2.429998435738E-01  4.005925015099E-01
  7.581162324649E-01  2.431764904463E-01  3.855191168055E-01
  7.607214428858E-01  2.431085187055E-01  3.705812521818E-01
  7.633266533066E-01  2.427798061328E-01  3.558115014512E-01
  7.659318637275E-01  2.421773570673E-01  3.412426442760E-01
  7.685370741483E-01  2.412913790029E-01  3.269072999439E-01
  7.711422845691E-01  2.401153335262E-01  3.128375460326E-01
  7.737474949900E-01  2.386459494585E-01  2.990645366723E-01
  7.763527054108E-01  2.368831698852E-01  2.856181692252E-01
  7.789579158317E-01  2.348300631711E-01  2.725267745039E-01
  7.815631262525E-01  2.324927215349E-01  2.598167404848E-01
  7.841683366733E-01  2.298800570452E-01  2.475123517385E-01
  7.867735470942E-01  2.270036520117E-01  2.356353876130E-01
  7.893787575150E-01  2.238774994825E-01  2.242050266209E-01
  7.919839679359E-01  2.205177615201E-01  2.132376030334E-01
  7.945891783567E-01  2.169425038942E-01  2.027464454731E-01
  7.971943887776E-01  2.131713957515E-01  1.927417868603E-01
  7.997995991984E-01  2.092254143852E-01  1.832306477655E-01
  8.024048096192E-01  2.051265227527E-01  1.742169056131E-01
  8.050100200401E-01  2.008973844446E-01  1.657011130975E-01
  8.076152304609E-01  1.965610319747E-01  1.576806374170E-01
  8.102204408818E-01  1.921405645418E-01  1.501497548647E-01
  8.128256513026E-01  1.876588591509E-01  1.430997299543E-01
  8.154308617234E-01  1.831382926728E-01  1.365189312751E-01
  8.180360721443E-01  1.786004738884E-01  1.303928410000E-01
  8.206412825651E-01  1.740659985225E-01  1.247047378857E-01
  8.232464929860E-01  1.695542294563E-01  1.194352863582E-01
  8.258517034068E-01  1.650831037977E-01  1.145632497926E-01
  8.284569138277E-01  1.606689594700E-01  1.100655726827E-01
  8.310621242485E-01  1.563263962317E-01  1.059177039625E-01
  8.336673346693E-01  1.520681350468E-01  1.020936388070E-01
  8.362725450902E-01  1.479049940956E-01  9.856683325343E-02
  8.388777555110E-01  1.438457448421E-01  9.530975454730E-02
  8.414829659319E-01  1.398971498159E-01  9.229468811840E-02
  8.440881763527E-01  1.360639389027E-01  8.949393133208E-02
  8.466933867735E-01  1.323488244447E-01  8.688001999818E-02
  8.492985971944E-01  1.287525660307E-01  8.442604309299E-02
  8.519038076152E-01  1.252739820713E-01  8.210584019460E-02
  8.545090180361E-01  1.219101498908E-01  7.989444817046E-02
  8.571142284569E-01  1.186564421849E-01  7.776826299340E-02
  8.597194388778E-01  1.155066766453E-01  7.570516362367E-02
  8.623246492986E-01  1.124532685763E-01  7.368480656239E-02
  8.649298597194E-01  1.094873163127E-01  7.168867990149E-02
  8.675350701403E-01  1.065989746867E-01  6.970055028796E-02
  8.701402805611E-01  1.037772825904E-01  6.770595758899E-02
  8.727454909820E-01  1.010107518492E-01  6.569314460930E-02
  8.753507014028E-01  9.828723612819E-02  6.365238317144E-02
  8.779559118236E-01  9.559431440442E-02  6.157643682623E-02
  8.805611222445E-01  9.291943313109E-02  5.946041928506E-02
  8.831663326653E-01  9.024989810006E-02  5.730153639371E-02
  8.857715430862E-01  8.757364331273E-02  5.509983835471E-02
  8.883767535070E-01  8.487801589452E-02  5.285620988354E-02
  8.909819639279E-01  8.215254177066E-02  5.057571296399E-02
  8.935871743487E-01  7.938584810895E-02  4.826330164540E-02
  8.961923847695E-01  7.656831540888E-02  4.592680401329E-02
  8.987975951904E-01  7.369130376894E-02  4.357560284868E-02
  9.014028056112E-01  7.074716458173E-02  4.122028346159E-02
  9.040080160321E-01  6.772873366545E-02  3.887204207020E-02
  9.066132264529E-01  6.463204831197E-02  3.654473628224E-02
  9.092184368737E-01  6.145236670899E-02  3.425108408846E-02
  9.118236472946E-01  5.818755019898E-02  3.200539780000E-02
  9.144288577154E-01  5.483756693760E-02  2.982271535291E-02
  9.170340681363E-01  5.140186588905E-02  2.771672044204E-02
  9.196392785571E-01  4.788410694453E-02  2.570281855131E-02
  9.222444889780E-01  4.428701567752E-02  2.379447233591E-02
  9.248496993988E-01  4.061660790816E-02  2.200570066832E-02
  9.274549098196E-01  3.687841829687E-02  2.034875276798E-02
  9.300601202405E-01  3.308061702674E-02  1.883567247814E-02
  9.326653306613E-01  2.923415631301E-02  1.747805116859E-02
  9.352705410822E-01  2.534678270474E-02  1.628424009981E-02
  9.378757515030E-01  2.143159350551E-02  1.526316666137E-02
  9.404809619238E-01  1.750040430070E-02  1.442136776292E-02
  9.430861723447E-01  1.356669423629E-02  1.376396289455E-02
  9.456913827655E-01  9.643650160636E-03  1.329431771386E-02
  9.482965931864E-01  5.744650399337E-03  1.301413223085E-02
  9.509018036072E-01  1.884094792186E-03  1.292348245992E-02
  9.535070140281E-01 -1.922118497375E-03  1.302096130704E-02
  9.561122244489E-01 -5.657905769010E-03  1.330357753672E-02
  9.587174348697E-01 -9.312362522178E-03  1.376571741679E-02
  9.613226452906E-01 -1.287221096634E-02  1.440119938925E-02
  9.639278557114E-01 -1.632232704110E-02  1.520208882973E-02
  9.665330661323E-01 -1.965195739540E-02  1.615898831940E-02
  9.691382765531E-01 -2.284647929152E-02  1.726138718158E-02
  9.717434869739E-01 -2.590006152596E-02  1.849789964250E-02
  9.743486973948E-01 -2.879838548580E-02  1.985541989379E-02
  9.769539078156E-01 -3.153601011386E-02  2.132060433495E-02
  9.795591182365E-01 -3.410714940521E-02  2.287999636098E-02
  9.821643286573E-01 -3.650491088980E-02  2.451883771247E-02
  9.847695390782E-01 -3.872651011267E-02  2.622210848197E-02
  9.873747494990E-01 -4.076871261048E-02  2.797558634937E-02
  9.899799599198E-01 -4.263094019508E-02  2.976421400115E-02
  9.925851703407E-01 -4.431400020799E-02  3.157342852612E-02
  9.951903807615E-01 -4.581195892676E-02  3.338589777361E-02
  9.977955911824E-01 -4.714088990871E-02  3.519277100230E-02
  1.000400801603E+00 -4.830955299561E-02  3.698418038941E-02
  1.003006012024E+00 -4.931165760861E-02  3.874206277435E-02
  1.005611222445E+00 -5.016483589291E-02  4.046122723472E-02
  1.008216432866E+00 -5.086655383723E-02  4.212585395025E-02
  1.010821643287E+00 -5.142210033921E-02  4.372289074249E-02
  1.013426853707E+00 -5.187032250288E-02  4.526601401150E-02
  1.016032064128E+00 -5.219685886428E-02  4.673068205377E-02
  1.018637274549E+00 -5.241160456183E-02  4.811108991769E-02
  1.021242484970E+00 -5.254758140656E-02  4.942058983755E-02
  1.023847695391E+00 -5.261349622454E-02  5.065645432298E-02
  1.026452905812E+00 -5.260155946537E-02  5.180197512789E-02
  1.029058116232E+00 -5.253359133251E-02  5.286480212329E-02
  1.031663326653E+00 -5.243049214084E-02  5.385995587306E-02
  1.034268537074E+00 -5.227110873665E-02  5.475034552359E-02
  1.036873747495E+00 -5.214847564064E-02  5.564276428566E-02
  1.039478957916E+00 -5.197891133628E-02  5.642938704975E-02
  1.042084168337E+00 -5.182132731440E-02  5.717860834366E-02
  1.044689378758E+00 -5.165817159134E-02  5.786583853224E-02
  1.047294589178E+00 -5.151179637906E-02  5.851777491672E-02
  1.049899799599E+00 -5.142102815078E-02  5.919876466492E-02
  1.052505010020E+00 -5.131130012346E-02  5.978797503162E-02
  1.055110220441E+00 -5.126575645435E-02  6.043239350300E-02
  1.057715430862E+00 -5.123067257823E-02  6.103467390906E-02
  1.060320641283E+00 -5.126067820201E-02  6.171802669291E-02
  1.062925851703E+00 -5.131433940685E-02  6.240480794350E-02
  1.065531062124E+00 -5.138747498879E-02  6.308809154999E-02
  1.068136272545E+00 -5.150347370918E-02  6.383895986808E-02
  1.070741482966E+00 -5.163779399450E-02  6.460461621498E-02
  1.073346693387E+00 -5.185241585363E-02  6.561042415373E-02
  1.075951903808E+00 -5.204538436880E-02  6.654473666233E-02
  1.078557114228E+00 -5.226850766438E-02  6.760257005915E-02
  1.081162324649E+00 -5.249913346720E-02  6.873448919119E-02
  1.083767535070E+00 -5.273306462435E-02  6.994650948419E-02
  1.086372745491E+00 -5.295762325843E-02  7.120925629412E-02
  1.088977955912E+00 -5.319445499992E-02  7.268946345674E-02
  1.091583166333E+00 -5.339906861694E-02  7.419285914845E-02
  1.094188376754E+00 -5.359066347901E-02  7.590132408677E-02
  1.096793587174E+00 -5.374784866033E-02  7.775775032684E-02
  1.099398797595E+00 -5.384816844483E-02  7.946012754403E-02
  1.102004008016E+00 -5.390678708586E-02  8.127629073369E-02
  1.104609218437E+00 -5.391472898081E-02  8.322260176262E-02
  1.107214428858E+00 -5.386048802542E-02  8.538288068396E-02
  1.109819639279E+00 -5.373924221112E-02  8.752466502774E-02
  1.112424849699E+00 -5.353729554723E-02  8.981479255420E-02
  1.115030060120E+00 -5.328540763688E-02  9.188362628384E-02
  1.117635270541E+00 -5.286678633622E-02  9.476139620789E-02
  1.120240480962E+00 -5.258244713655E-02  9.596032451956E-02
  1.122845691383E+00 -5.200166085233E-02  9.876164965205E-02
  1.125450901804E+00 -5.139630412527E-02  1.011352255608E-01
  1.128056112224E+00 -5.065583560317E-02  1.037197299844E-01
  1.130661322645E+00 -5.000767349424E-02  1.054756800205E-01
  1.133266533066E+00 -4.908911375781E-02  1.080320987892E-01
  1.135871743487E+00 -4.814129710416E-02  1.103171426542E-01
  1.138476953908E+00 -4.712965093115E-02  1.124844920669E-01
  1.141082164329E+00 -4.584291187369E-02  1.152103925038E-01
  1.143687374749E+00 -4.523355056015E-02  1.156224540700E-01
  1.146292585170E+00 -4.317218172031E-02  1.199043876286E-01
  1.148897795591E+00 -4.204836285381E-02  1.212687744968E-01
  1.151503006012E+00 -4.090095115475E-02  1.225370557323E-01
  1.154108216433E+00 -4.001336511755E-02  1.230467207534E-01
  1.156713426854E+00 -3.805929758272E-02  1.257475106861E-01
  1.159318637275E+00 -3.708747874612E-02  1.261620094475E-01
  1.161923847695E+00 -3.445186424514E-02  1.296775627864E-01
  1.164529058116E+00 -3.332107920127E-02  1.300825766198E-01
  1.167134268537E+00 -3.256759114201E-02  1.297528661746E-01
  1.169739478958E+00 -2.969635068019E-02  1.328930464593E-01
  1.172344689379E+00 -2.946874676423E-02  1.315521447382E-01
  1.174949899800E+00 -2.813544413931E-02  1.319390613981E-01
  1.177555110220E+00 -2.711510662384E-02  1.317966107397E-01
  1.180160320641E+00 -2.540152977006E-02  1.325407808887E-01
  1.182765531062E+00 -2.367533197071E-02  1.332060856436E-01
  1.185370741483E+00 -2.171782120785E-02  1.340222845257E-01
  1.187975951904E+00 -2.290514343264E-02  1.309790141207E-01
  1.190581162325E+00 -2.147920040278E-02  1.311216122476E-01
  1.193186372745E+00 -1.921535017339E-02  1.320682944532E-01
  1.195791583166E+00 -1.687458512695E-02  1.329526744800E-01
  1.198396793587E+00 -1.392014967073E-02  1.343336001734E-01
  1.201002004008E+00 -2.049580193654E-02  1.265551597306E-01
  1.203607214429E+00 -1.485103746245E-02  1.302932972079E-01
  1.206212424850E+00 -2.120313717776E-02  1.233856030246E-01
  1.208817635271E+00 -1.478725217482E-02  1.275528799559E-01
  1.211422845691E+00 -1.827753480921E-02  1.235329382538E-01
  1.214028056112E+00 -1.256873575171E-02  1.264680688143E-01
  1.216633266533E+00 -9.899687563532E-03  1.270505166496E-01
  1.219238476954E+00 -1.072105842026E-02  1.251695280312E-01
  1.221843687375E+00 -6.669259766410E-03  1.264118674475E-01
  1.224448897796E+00 -8.829020398019E-03  1.238020878449E-01
  1.227054108216E+00 -2.117600437801E-02  1.152796487613E-01
  1.229659318637E+00 -2.339047578648E-04  1.262223704750E-01
  1.232264529058E+00 -1.466527567315E-02  1.173916536271E-01
  1.234869739479E+00 -2.455792394521E-02  1.114956289857E-01
  1.237474949900E+00 -3.804095186001E-02  1.044929461002E-01
  1.240080160321E+00 -1.834594499981E-02  1.131142677789E-01
  1.242685370741E+00 -1.421130633790E-02  1.134728828417E-01
  1.245290581162E+00 -2.374087413097E-02  1.091462725372E-01
  1.247895791583E+00  7.847502809576E-04  1.171480150708E-01
  1.250501002004E+00 -2.911674258031E-02  1.070949137034E-01
  1.253106212425E+00  1.230823428623E-02  1.191690744972E-01
  1.255711422846E+00 -7.519327745382E-03  1.114017102376E-01
  1.258316633267E+00 -3.642714002694E-02  1.028132963904E-01
  1.260921843687E+00 -3.466142215130E-02  1.039862090135E-01
  1.263527054108E+00  3.522949058270E-02  1.174293531482E-01
  1.266132264529E+00  3.529568884778E-02  1.162463550450E-01
  1.268737474950E+00 -1.402887279405E-02  1.042468432908E-01
  1.271342685371E+00  5.387419216000E-03  1.075164214300E-01
  1.273947895792E+00 -5.288930882749E-02  1.037279405195E-01
  1.276553106212E+00  3.289268356058E-02  1.078306884454E-01
  1.279158316633E+00 -2.101171552845E-02  1.034091164606E-01
  1.281763527054E+00 -1.063479439828E-02  1.037410108383E-01
  1.284368737475E+00  5.182905988787E-02  1.034755274743E-01
  1.286973947896E+00 -1.163165152657E-01  1.028131865732E-01
  1.289579158317E+00  1.003580536246E-01  9.642553217912E-02
  1.292184368737E+00 -1.328369583429E-02  1.030740113405E-01
  1.294789579158E+00  2.457455505911E-02  9.828146029586E-02
  1.297394789579E+00  3.287031922447E-02  9.481925932035E-02
  1.300000000000E+00  1.085979671312E-01  8.838637477838E-02
