# rho  Re(G)  Im(G)  |G|
  1.0000000000E-02 -1.0487579156E+00 -1.0971400662E+01  1.1021412144E+01
  2.0000000000E-02 -1.0223024212E+00 -1.0503717454E+01  1.0553349354E+01
  3.0000000000E-02 -9.7873563266E-01 -9.7536710715E+00  9.8026538657E+00
  4.0000000000E-02 -9.1889103807E-01 -8.7632196403E+00  8.8112643363E+00
  5.0000000000E-02 -8.4401498811E-01 -7.5869206207E+00  7.6337229321E+00
  6.0000000000E-02 -7.5582336000E-01 -6.2881441005E+00  6.3334054963E+00
  7.0000000000E-02 -6.5654542798E-01 -4.9347339926E+00  4.9782177008E+00
  8.0000000000E-02 -5.4893901323E-01 -3.5944522594E+00  3.6361272097E+00
  9.0000000000E-02 -4.3626300388E-01 -2.3305534372E+00  2.3710345279E+00
  1.0000000000E-01 -3.2219755266E-01 -1.1978203205E+00  1.2403970264E+00
  1.1000000000E-01 -2.1070823068E-01 -2.3934843621E-01  3.1888184707E-01
  1.2000000000E-01 -1.0585746004E-01  5.1569909177E-01  5.2645166454E-01
  1.3000000000E-01 -1.1573829730E-02  1.0532275831E+00  1.0532911731E+00
  1.4000000000E-01  6.8603479466E-02  1.3741914731E+00  1.3759028462E+00
  1.5000000000E-01  1.3178282808E-01  1.4934673123E+00  1.4992702647E+00
  1.6000000000E-01  1.7595559145E-01  1.4377542678E+00  1.4484811717E+00
  1.7000000000E-01  2.0018356872E-01  1.2427110135E+00  1.2587311565E+00
  1.8000000000E-01  2.0471561287E-01  9.4959188118E-01  9.7140785614E-01
  1.9000000000E-01  1.9101619079E-01  6.0167533272E-01  6.3126887390E-01
  2.0000000000E-01  1.6169627482E-01  2.4078227656E-01  2.9003756652E-01
  2.1000000000E-01  1.2034618998E-01 -9.5839112578E-02  1.5384518499E-01
  2.2000000000E-01  7.1279852679E-02 -3.7802899315E-01  3.8469044316E-01
  2.3000000000E-01  1.9209195890E-02 -5.8446056187E-01  5.8477614656E-01
  2.4000000000E-01 -3.1124549683E-02 -7.0351647556E-01  7.0420463572E-01
  2.5000000000E-01 -7.5330564954E-02 -7.3327877202E-01  7.3713801388E-01
  2.6000000000E-01 -1.0972457222E-01 -6.8069132089E-01  6.8947817666E-01
  2.7000000000E-01 -1.3162783529E-01 -5.6002239736E-01  5.7528338458E-01
  2.8000000000E-01 -1.3957994698E-01 -3.9080908817E-01  4.1498711425E-01
  2.9000000000E-01 -1.3344387931E-01 -1.9550065195E-01  2.3670186699E-01
  3.0000000000E-01 -1.1439172496E-01  2.9677499299E-03  1.1443021576E-01
  3.1000000000E-01 -8.4770941808E-02  1.8344676622E-01  2.0208619104E-01
  3.2000000000E-01 -4.7862582958E-02  3.2849300670E-01  3.3196156751E-01
  3.3000000000E-01 -7.5537556768E-03  4.2578440636E-01  4.2585140592E-01
  3.4000000000E-01  3.2044722956E-02  4.6893320846E-01  4.7002682718E-01
  3.5000000000E-01  6.6998756234E-02  4.5766078509E-01  4.6253889301E-01
  3.6000000000E-01  9.3930633713E-02  3.9736048637E-01  4.0831154781E-01
  3.7000000000E-01  1.1034084460E-01  2.9813104239E-01  3.1789498333E-01
  3.8000000000E-01  1.1484048167E-01  1.7340869318E-01  2.0798776671E-01
  3.9000000000E-01  1.0727146077E-01  3.8357359271E-02  1.1392301483E-01
  4.0000000000E-01  8.8702948449E-02 -9.1809514313E-02  1.2766048716E-01
  4.1000000000E-01  6.1304819071E-02 -2.0340491363E-01  2.1244255630E-01
  4.2000000000E-01  2.8111385771E-02 -2.8559093380E-01  2.8697113353E-01
  4.3000000000E-01 -7.3002154236E-03 -3.3133028662E-01  3.3141069985E-01
  4.4000000000E-01 -4.1183920525E-02 -3.3789183340E-01  3.4039242999E-01
  4.5000000000E-01 -7.0012517225E-02 -3.0688369441E-01  3.1476873171E-01
  4.6000000000E-01 -9.0839521751E-02 -2.4383614248E-01  2.6020738477E-01
  4.7000000000E-01 -1.0159807156E-01 -1.5740064806E-01  1.8734228608E-01
  4.8000000000E-01 -1.0130629689E-01 -5.8266935026E-02  1.1686745273E-01
  4.9000000000E-01 -9.0158352842E-02  4.2076421027E-02  9.9493486187E-02
  5.0000000000E-01 -6.9492187055E-02  1.3260233187E-01  1.4970819108E-01
  5.1000000000E-01 -4.1637952736E-02  2.0389508305E-01  2.0810315711E-01
  5.2000000000E-01 -9.6634152702E-03  2.4907563950E-01  2.4926302531E-01
  5.3000000000E-01  2.2956560147E-02  2.6441637350E-01  2.6541104391E-01
  5.4000000000E-01  5.2711442413E-02  2.4959495223E-01  2.5510024763E-01
  5.5000000000E-01  7.6428149166E-02  2.0757654402E-01  2.2119964650E-01
  5.6000000000E-01  9.1606479529E-02  1.4415246895E-01  1.7079719376E-01
  5.7000000000E-01  9.6681524182E-02  6.7197975100E-02  1.1774075325E-01
  5.8000000000E-01  9.1185463145E-02 -1.4261400816E-02  9.2293966445E-02
  5.9000000000E-01  7.5791832014E-02 -9.1068895768E-02  1.1848183648E-01
  6.0000000000E-01  5.2237806000E-02 -1.5493006039E-01  1.6349957794E-01
  6.1000000000E-01  2.3133002463E-02 -1.9927657127E-01  2.0061477428E-01
  6.2000000000E-01 -8.3246340832E-03 -2.1991345442E-01  2.2007095894E-01
  6.3000000000E-01 -3.8695406904E-02 -2.1538866506E-01  2.1883695198E-01
  6.4000000000E-01 -6.4669776198E-02 -1.8705529262E-01  1.9791882794E-01
  6.5000000000E-01 -8.3425751182E-02 -1.3883007764E-01  1.6196804135E-01
  6.6000000000E-01 -9.2933431562E-02 -7.6683901087E-02  1.2048669382E-01
  6.7000000000E-01 -9.2173976513E-02 -7.9271528049E-03  9.2514224299E-02
  6.8000000000E-01 -8.1249399177E-02  5.9627298802E-02  1.0078134564E-01
  6.9000000000E-01 -6.1371251352E-02  1.1853028395E-01  1.3347606042E-01
  7.0000000000E-01 -3.4729239508E-02  1.6249800102E-01  1.6616774781E-01
  7.1000000000E-01 -4.2537179796E-03  1.8706501412E-01  1.8711337104E-01
  7.2000000000E-01  2.6702542136E-02  1.9002253904E-01  1.9188952838E-01
  7.3000000000E-01  5.4729140310E-02  1.7160061078E-01  1.8011676330E-01
  7.4000000000E-01  7.6730086391E-02  1.3438111392E-01  1.5474427271E-01
  7.5000000000E-01  9.0262854163E-02  8.2957722008E-02  1.2259431668E-01
  7.6000000000E-01  9.3807596280E-02  2.3385456315E-02  9.6678563740E-02
  7.7000000000E-01  8.6937035144E-02 -3.7515916545E-02  9.4686282395E-02
  7.8000000000E-01  7.0368123030E-02 -9.2926228513E-02  1.1656310173E-01
  7.9000000000E-01  4.5889238408E-02 -1.3677302407E-01  1.4426601234E-01
  8.0000000000E-01  1.6170105895E-02 -1.6438297374E-01  1.6517637355E-01
  8.1000000000E-01 -1.5525641972E-02 -1.7296811408E-01  1.7366350810E-01
  8.2000000000E-01 -4.5694674131E-02 -1.6189749837E-01  1.6822248132E-01
  8.3000000000E-01 -7.0976908507E-02 -1.3272880544E-01  1.5051464160E-01
  8.4000000000E-01 -8.8525765020E-02 -8.9000695658E-02  1.2553061340E-01
  8.5000000000E-01 -9.6325334916E-02 -3.5812400428E-02  1.0276720377E-01
  8.6000000000E-01 -9.3419486992E-02  2.0760529716E-02  9.5698485589E-02
  8.7000000000E-01 -8.0027162260E-02  7.4348539810E-02  1.0923393278E-01
  8.8000000000E-01 -5.7530201808E-02  1.1899310014E-01  1.3217065484E-01
  8.9000000000E-01 -2.8333733967E-02  1.4979772361E-01  1.5245379129E-01
  9.0000000000E-01  4.3870391533E-03  1.6345508109E-01  1.6351394328E-01
  9.1000000000E-01  3.7027352445E-02  1.5859454050E-01  1.6285961164E-01
  9.2000000000E-01  6.5944623049E-02  1.3591444158E-01  1.5106762969E-01
  9.3000000000E-01  8.7859388437E-02  9.8086982452E-02  1.3168268019E-01
  9.4000000000E-01  1.0022188127E-01  4.9448190928E-02  1.1175665113E-01
  9.5000000000E-01  1.0150384821E-01 -4.4915380267E-03  1.0160317473E-01
  9.6000000000E-01  9.1382776514E-02 -5.7661862688E-02  1.0805416351E-01
  9.7000000000E-01  7.0796884954E-02 -1.0410439127E-01  1.2589647811E-01
  9.8000000000E-01  4.1862910822E-02 -1.3862888038E-01  1.4481184267E-01
  9.9000000000E-01  7.6634486542E-03 -1.5738272091E-01  1.5756918889E-01
  1.0000000000E+00 -2.8075192523E-02 -1.5827241824E-01  1.6074319522E-01
  1.0100000000E+00 -6.1381476621E-02 -1.4119197086E-01  1.5395732626E-01
  1.0200000000E+00 -8.8471536458E-02 -1.0803396634E-01  1.3963721083E-01
  1.0300000000E+00 -1.0617010304E-01 -6.2482604612E-02  1.2319158518E-01
  1.0400000000E+00 -1.1227355322E-01 -9.6112399744E-03  1.1268419004E-01
  1.0500000000E+00 -1.0581454731E-01  4.4672064604E-02  1.1485778937E-01
  1.0600000000E+00 -8.7197545721E-02  9.4271249778E-02  1.2841526589E-01
  1.0700000000E+00 -5.8187769780E-02  1.3357165797E-01  1.4569558800E-01
  1.0800000000E+00 -2.1751554985E-02  1.5806006441E-01  1.5954972299E-01
  1.0900000000E+00  1.8238061706E-02  1.6482844538E-01  1.6583438515E-01
  1.1000000000E+00  5.7401948655E-02  1.5290681862E-01  1.6332629577E-01
  1.1100000000E+00  9.1321120445E-02  1.2338850433E-01  1.5350657980E-01
  1.1200000000E+00  1.1602012221E-01  7.9333058985E-02  1.4055035754E-01
  1.1300000000E+00  1.2841610454E-01  2.5455639265E-02  1.3091480236E-01
  1.1400000000E+00  1.2668454802E-01 -3.2365794567E-02  1.3075365909E-01
  1.1500000000E+00  1.1050023253E-01 -8.7714588410E-02  1.4108206976E-01
  1.1600000000E+00  8.1124209429E-02 -1.3432577102E-01  1.5692211480E-01
  1.1700000000E+00  4.1323042573E-02 -1.6677017619E-01  1.7181351959E-01
  1.1800000000E+00 -4.8761123908E-03 -1.8105982656E-01  1.8112547382E-01
  1.1900000000E+00 -5.2573684882E-02 -1.7510966205E-01  1.8283157847E-01
  1.2000000000E+00 -9.6492646439E-02 -1.4900503670E-01  1.7751994755E-01
  1.2100000000E+00 -1.3153161396E-01 -1.0504407040E-01  1.6832950483E-01
  1.2200000000E+00 -1.5332004522E-01 -4.7546931943E-02  1.6052335345E-01
  1.2300000000E+00 -1.5871765330E-01  1.7551890606E-02  1.5968519760E-01
  1.2400000000E+00 -1.4620425166E-01  8.3289747519E-02  1.6826427204E-01
  1.2500000000E+00 -1.1611593795E-01  1.4238304696E-01  1.8372763295E-01
  1.2600000000E+00 -7.0697962247E-02  1.8798505756E-01  2.0083969661E-01
  1.2700000000E+00 -1.3962436882E-02  2.1441772249E-01  2.1487184404E-01
  1.2800000000E+00  4.8641500637E-02  2.1780248936E-01  2.2316791874E-01
  1.2900000000E+00  1.1071829191E-01  1.9652428420E-01  2.2556669622E-01
  1.3000000000E+00  1.6553359800E-01  1.5147855488E-01  2.2438164955E-01
  1.3100000000E+00  2.0668225208E-01  8.6072238489E-02  2.2388832833E-01
  1.3200000000E+00  2.2875214055E-01  5.9735151790E-03  2.2883012190E-01
  1.3300000000E+00  2.2791816626E-01 -8.1370062100E-02  2.4200780466E-01
  1.3400000000E+00  2.0240544510E-01 -1.6740245848E-01  2.6266242082E-01
  1.3500000000E+00  1.5277197222E-01 -2.4325742947E-01  2.8725154915E-01
  1.3600000000E+00  8.1977187794E-02 -3.0060935162E-01  3.1158665184E-01
  1.3700000000E+00 -4.7773196151E-03 -3.3249575873E-01  3.3253007737E-01
  1.3800000000E+00 -1.0042717993E-01 -3.3403245736E-01  3.4880266776E-01
  1.3900000000E+00 -1.9661564935E-01 -3.0295142860E-01  3.6116101902E-01
  1.4000000000E+00 -2.8440716495E-01 -2.3990777475E-01  3.7207952894E-01
  1.4100000000E+00 -3.5508150936E-01 -1.4852320736E-01  3.8489222051E-01
  1.4200000000E+00 -4.0093708767E-01 -3.5157971045E-02  4.0247562808E-01
  1.4300000000E+00 -4.1602946580E-01  9.1571667222E-02  4.2598812970E-01
  1.4400000000E+00 -3.9677587383E-01  2.2148955034E-01  4.5441029364E-01
  1.4500000000E+00 -3.4236748039E-01  3.4370867045E-01  4.8513002563E-01
  1.4600000000E+00 -2.5494790704E-01  4.4755813800E-01  5.1507933583E-01
  1.4700000000E+00 -1.3953715406E-01  5.2350578671E-01  5.4178309874E-01
  1.4800000000E+00 -3.7029384561E-03  5.6399439348E-01  5.6400654928E-01
  1.4900000000E+00  1.4299571821E-01  5.6411727690E-01  5.8195882803E-01
  1.5000000000E+00  2.8974709501E-01  5.2207355156E-01  5.9708807751E-01
  1.5100000000E+00  4.2534533934E-01  4.3936315523E-01  6.1152157760E-01
  1.5200000000E+00  5.3909568669E-01  3.2070504906E-01  6.2727656413E-01
  1.5300000000E+00  6.2168855788E-01  1.7368653885E-01  6.4549490840E-01
  1.5400000000E+00  6.6596731096E-01  8.1752152583E-03  6.6601748732E-01
  1.5500000000E+00  6.6752373879E-01 -1.6445457247E-01  6.8748327125E-01
  1.5600000000E+00  6.2507059415E-01 -3.3221331824E-01  7.0786929336E-01
  1.5700000000E+00  5.4056007064E-01 -4.8342942694E-01  7.2519597407E-01
  1.5800000000E+00  4.1903944328E-01 -6.0764489222E-01  7.3812354662E-01
  1.5900000000E+00  2.6825792664E-01 -6.9639951066E-01  7.4628050601E-01
  1.6000000000E+00  9.8060158893E-02 -7.4384077772E-01  7.5027654725E-01
  1.6100000000E+00 -8.0380351016E-02 -7.4711309972E-01  7.5142463667E-01
  1.6200000000E+00 -2.5542154252E-01 -7.0650009035E-01  7.5125397972E-01
  1.6300000000E+00 -4.1583377063E-01 -6.2531558785E-01  7.5095759481E-01
  1.6400000000E+00 -5.5162805015E-01 -5.0956061028E-01  7.5096306252E-01
  1.6500000000E+00 -6.5476444046E-01 -3.6738283046E-01  7.5079066097E-01
  1.6600000000E+00 -7.1968545168E-01 -2.0839062914E-01  7.4924882627E-01
  1.6700000000E+00 -7.4363593163E-01 -4.2884118299E-02  7.4487142945E-01
  1.6800000000E+00 -7.2675041555E-01  1.1893002764E-01  7.3641735312E-01
  1.6900000000E+00 -6.7190954080E-01  2.6767471181E-01  7.2326494618E-01
  1.7000000000E+00 -5.8438694322E-01  3.9543159783E-01  7.0560204646E-01
  1.7100000000E+00 -4.7132528555E-01  4.9621748013E-01  6.8438243139E-01
  1.7200000000E+00 -3.4109323575E-01  5.6627754003E-01  6.6107098546E-01
  1.7300000000E+00 -2.0258325077E-01  6.0418265274E-01  6.3724143883E-01
  1.7400000000E+00 -6.4512376626E-02  6.1073561404E-01  6.1413340325E-01
  1.7500000000E+00  6.5215056074E-02  5.8870746902E-01  5.9230860843E-01
  1.7600000000E+00  1.8003245471E-01  5.4243862776E-01  5.7153420689E-01
  1.7700000000E+00  2.7508598049E-01  4.7734904900E-01  5.5093957132E-01
  1.7800000000E+00  3.4743731732E-01  3.9940678633E-01  5.2937554764E-01
  1.7900000000E+00  3.9608869937E-01  3.1460440870E-01  5.0582822356E-01
  1.8000000000E+00  4.2184109050E-01  2.2848847508E-01  4.7974669241E-01
  1.8100000000E+00  4.2701091699E-01  1.4577902817E-01  4.5120931760E-01
  1.8200000000E+00  4.1504210608E-01  7.0104970889E-02  4.2092120018E-01
  1.8300000000E+00  3.9005745141E-01  3.8684221839E-03  3.9007663362E-01
  1.8400000000E+00  3.5639602315E-01 -5.1761971687E-02  3.6013528990E-01
  1.8500000000E+00  3.1818143348E-01 -9.6740994409E-02  3.3256314380E-01
  1.8600000000E+00  2.7895967630E-01 -1.3194247381E-01  3.0858923733E-01
  1.8700000000E+00  2.4143578735E-01 -1.5889021641E-01  2.8902826901E-01
  1.8800000000E+00  2.0732681715E-01 -1.7945778659E-01  2.7420705001E-01
  1.8900000000E+00  1.7733584457E-01 -1.9557094136E-01  2.6399999030E-01
  1.9000000000E+00  1.5123929634E-01 -2.0894344460E-01  2.5793543339E-01
  1.9100000000E+00  1.2806889664E-01 -2.2087104621E-01  2.5531482789E-01
  1.9200000000E+00  1.0636116355E-01 -2.3210039717E-01  2.5531018679E-01
  1.9300000000E+00  8.4442204619E-02 -2.4278051761E-01  2.5704642703E-01
  1.9400000000E+00  6.0713994781E-02 -2.5249513957E-01  2.5969209589E-01
  1.9500000000E+00  3.3910316546E-02 -2.6036576204E-01  2.6256473414E-01
  1.9600000000E+00  3.2957188395E-03 -2.6520839909E-01  2.6522887608E-01
  1.9700000000E+00 -3.1211487760E-02 -2.6572237651E-01  2.6754913259E-01
  1.9800000000E+00 -6.9001948541E-02 -2.6068748015E-01  2.6966503520E-01
  1.9900000000E+00 -1.0882367319E-01 -2.4914633648E-01  2.7187587026E-01
  2.0000000000E+00 -1.4890684574E-01 -2.3055189990E-01  2.7445842537E-01
  2.0100000000E+00 -1.8714792349E-01 -2.0486487581E-01  2.7747785967E-01
  2.0200000000E+00 -2.2133028388E-01 -1.7259219379E-01  2.8066912890E-01
  2.0300000000E+00 -2.4935573294E-01 -1.3476452569E-01  2.8344269074E-01
  2.0400000000E+00 -2.6946111316E-01 -9.2857560202E-02  2.8501196114E-01
  2.0500000000E+00 -2.8039692199E-01 -4.8667600225E-02  2.8458912342E-01
  2.0600000000E+00 -2.8154987122E-01 -4.1564668172E-03  2.8158055011E-01
  2.0700000000E+00 -2.7299804939E-01  3.8716716399E-02  2.7572979364E-01
  2.0800000000E+00 -2.5549500739E-01  7.8158703071E-02  2.6718248758E-01
  2.0900000000E+00 -2.3038682135E-01  1.1268349798E-01  2.5646765521E-01
  2.1000000000E+00 -1.9947317100E-01  1.4121825990E-01  2.4440160162E-01
  2.1100000000E+00 -1.6482899539E-01  1.6316447709E-01  2.3192939509E-01
  2.1200000000E+00 -1.2860682155E-01  1.7841033736E-01  2.1993172355E-01
  2.1300000000E+00 -9.2841109884E-02  1.8729557288E-01  2.0904330486E-01
  2.1400000000E+00 -5.9274880137E-02  1.9053501846E-01  1.9954223782E-01
  2.1500000000E+00 -2.9225680698E-02  1.8911117059E-01  1.9135614768E-01
  2.1600000000E+00 -3.5030676053E-03  1.8414878579E-01  1.8418210225E-01
  2.1700000000E+00  1.7616243397E-02  1.7678577762E-01  1.7766131599E-01
  2.1800000000E+00  3.4355811948E-02  1.6805430609E-01  1.7153008952E-01
  2.1900000000E+00  4.7355895433E-02  1.5878411464E-01  1.6569543112E-01
  2.2000000000E+00  5.7550466835E-02  1.4953712642E-01  1.6022923706E-01
  2.2100000000E+00  6.6020188493E-02  1.4057844640E-01  1.5530925562E-01
  2.2200000000E+00  7.3838649672E-02  1.3188468380E-01  1.5114799373E-01
  2.2300000000E+00  8.1929176314E-02  1.2318638349E-01  1.4794348586E-01
  2.2400000000E+00  9.0947647069E-02  1.1403777604E-01  1.4586325401E-01
  2.2500000000E+00  1.0120327194E-01  1.0390438585E-01  1.4504559163E-01
  2.2600000000E+00  1.1262464344E-01  9.2257523422E-02  1.4558764006E-01
  2.2700000000E+00  1.2477309994E-01  7.8664443080E-02  1.4750057991E-01
  2.2800000000E+00  1.3690014159E-01  6.2863942552E-02  1.5064369897E-01
  2.2900000000E+00  1.4804088531E-01  4.4819251868E-02  1.5467665972E-01
  2.3000000000E+00  1.5713183734E-01  2.4742935098E-02  1.5906799534E-01
  2.3100000000E+00  1.6313896364E-01  3.0918609389E-03  1.6316825997E-01
  2.3200000000E+00  1.6518135580E-01 -1.9466295257E-02  1.6632443283E-01
  2.3300000000E+00  1.6263674050E-01 -4.2110449808E-02  1.6799999805E-01
  2.3400000000E+00  1.5521750797E-01 -6.3940363039E-02  1.6787151279E-01
  2.3500000000E+00  1.4300952533E-01 -8.4059093742E-02  1.6588446454E-01
  2.3600000000E+00  1.2647032467E-01 -1.0165441116E-01  1.6226016865E-01
  2.3700000000E+00  1.0638781818E-01 -1.1607036411E-01  1.5745061855E-01
  2.3800000000E+00  8.3804986706E-02 -1.2686159861E-01  1.5204322082E-01
  2.3900000000E+00  5.9919553948E-02 -1.3382516487E-01  1.4662717244E-01
  2.4000000000E+00  3.5970128489E-02 -1.3700719754E-01  1.4165035235E-01
  2.4100000000E+00  1.3121433837E-02 -1.3668468111E-01  1.3731305137E-01
  2.4200000000E+00 -7.6390307335E-03 -1.3332520937E-01  1.3354387385E-01
  2.4300000000E+00 -2.5582175403E-02 -1.2752992300E-01  1.3007047689E-01
  2.4400000000E+00 -4.0288371798E-02 -1.1996643124E-01  1.2655077055E-01
  2.4500000000E+00 -5.1663926513E-02 -1.1129933763E-01  1.2270576132E-01
  2.4600000000E+00 -5.9922444469E-02 -1.0212593953E-01  1.1840779905E-01
  2.4700000000E+00 -6.5534403533E-02 -9.2923793033E-02  1.1370835219E-01
  2.4800000000E+00 -6.9151634027E-02 -8.4015257576E-02  1.0881411670E-01
  2.4900000000E+00 -7.1515932482E-02 -7.5552056233E-02  1.0403192683E-01
  2.5000000000E+00 -7.3362484615E-02 -6.7520556435E-02  9.9704963218E-02
  2.5100000000E+00 -7.5329001108E-02 -5.9766155785E-02  9.6158472249E-02
  2.5200000000E+00 -7.7880491593E-02 -5.2033104512E-02  9.3663306241E-02
  2.5300000000E+00 -8.1257559509E-02 -4.4014525345E-02  9.2412496010E-02
  2.5400000000E+00 -8.5453248326E-02 -3.5406458906E-02  9.2497972852E-02
  2.5500000000E+00 -9.0220144875E-02 -2.5959547664E-02  9.3880629824E-02
  2.5600000000E+00 -9.5106027599E-02 -1.5522472155E-02  9.6364431340E-02
  2.5700000000E+00 -9.9513215554E-02 -4.0723888884E-03  9.9596508077E-02
  2.5800000000E+00 -1.0277426539E-01  8.2707576644E-03  1.0310652288E-01
  2.5900000000E+00 -1.0423503788E-01  2.1247262493E-02  1.0637851891E-01
  2.6000000000E+00 -1.0333556811E-01  3.4477256797E-02  1.0893539771E-01
  2.6100000000E+00 -9.9679661692E-02  4.7494272478E-02  1.1041621653E-01
  2.6200000000E+00 -9.3085619761E-02  5.9788690740E-02  1.1063281677E-01
  2.6300000000E+00 -8.3612779878E-02  7.0856010783E-02  1.0959777016E-01
  2.6400000000E+00 -7.1561373412E-02  8.0244487460E-02  1.0751840741E-01
  2.6500000000E+00 -5.7446219316E-02  8.7596916354E-02  1.0475346232E-01
  2.6600000000E+00 -4.1947659717E-02  9.2682145217E-02  1.0173291600E-01
  2.6700000000E+00 -2.5845579363E-02  9.5413155171E-02  9.8851728120E-02
  2.6800000000E+00 -9.9440807286E-03  9.5850128576E-02  9.6364577982E-02
  2.6900000000E+00  5.0047638881E-03  9.4188619047E-02  9.4321490762E-02
  2.7000000000E+00  1.8369764473E-02  9.0734571022E-02  9.2575432083E-02
  2.7100000000E+00  2.9694770322E-02  8.5869323129E-02  9.0858791755E-02
  2.7200000000E+00  3.8732633764E-02  8.0008725881E-02  8.8891018306E-02
  2.7300000000E+00  4.5455846494E-02  7.3561012169E-02  8.6472287421E-02
  2.7400000000E+00  5.0043366352E-02  6.6888037914E-02  8.3536507778E-02
  2.7500000000E+00  5.2845791691E-02  6.0273979200E-02  8.0160029117E-02
  2.7600000000E+00  5.4333375481E-02  5.3904606091E-02  7.6536411263E-02
  2.7700000000E+00  5.5033150998E-02  4.7858972838E-02  7.2932359004E-02
  2.7800000000E+00  5.5462481719E-02  4.2113921057E-02  6.9639566521E-02
  2.7900000000E+00  5.6066552592E-02  3.6560351711E-02  6.6933680885E-02
  2.8000000000E+00  5.7166685394E-02  3.1028943101E-02  6.5044794018E-02
  2.8100000000E+00  5.8924978008E-02  2.5322012439E-02  6.4135460918E-02
  2.8200000000E+00  6.1328807014E-02  1.9247637514E-02  6.4278255419E-02
  2.8300000000E+00  6.4196426261E-02  1.2652024795E-02  6.5431298903E-02
  2.8400000000E+00  6.7202504938E-02  5.4464320111E-03  6.7422846955E-02
  2.8500000000E+00  6.9920244344E-02 -2.3743227492E-03  6.9960545865E-02
  2.8600000000E+00  7.1874933439E-02 -1.0723699347E-02  7.2670515236E-02
  2.8700000000E+00  7.2602637206E-02 -1.9426335526E-02  7.5156672633E-02
  2.8800000000E+00  7.1707274539E-02 -2.8231458342E-02  7.7064573326E-02
  2.8900000000E+00  6.8909665880E-02 -3.6835090037E-02  7.8136840925E-02
  2.9000000000E+00  6.4083162235E-02 -4.4908388798E-02  7.8252252789E-02
  2.9100000000E+00  5.7272076222E-02 -5.2128845275E-02  7.7443574455E-02
  2.9200000000E+00  4.8691130802E-02 -5.8210818849E-02  7.5890221042E-02
  2.9300000000E+00  3.8706292241E-02 -6.2932058985E-02  7.3882481733E-02
  2.9400000000E+00  2.7799418039E-02 -6.6153387502E-02  7.1757078545E-02
  2.9500000000E+00  1.6520900678E-02 -6.7829547826E-02  6.9812518343E-02
  2.9600000000E+00  5.4357360594E-03 -6.8010256616E-02  6.8227137061E-02
  2.9700000000E+00 -4.9309363189E-03 -6.6831601558E-02  6.7013260627E-02
  2.9800000000E+00 -1.4142841506E-02 -6.4498991056E-02  6.6031354773E-02
  2.9900000000E+00 -2.1890875907E-02 -6.1263760289E-02  6.5057349875E-02
  3.0000000000E+00 -2.8016761377E-02 -5.7396178084E-02  6.3869086237E-02
  3.0100000000E+00 -3.2519805099E-02 -5.3157916260E-02  6.2316143853E-02
  3.0200000000E+00 -3.5546446500E-02 -4.8777011076E-02  6.0355171015E-02
  3.0300000000E+00 -3.7364189696E-02 -4.4427978362E-02  5.8051080378E-02
  3.0400000000E+00 -3.8323218608E-02 -4.0219089907E-02  5.5553976252E-02
  3.0500000000E+00 -3.8810287515E-02 -3.6187959457E-02  5.3064176491E-02
  3.0600000000E+00 -3.9200236532E-02 -3.2305623525E-02  5.0796770129E-02
  3.0700000000E+00 -3.9810626402E-02 -2.8488345176E-02  4.8953771922E-02
  3.0800000000E+00 -4.0864516357E-02 -2.4615524766E-02  4.7705688933E-02
  3.0900000000E+00 -4.2465387864E-02 -2.0551461214E-02  4.7177025389E-02
  3.1000000000E+00 -4.4586770668E-02 -1.6168336880E-02  4.7427789702E-02
  3.1100000000E+00 -4.7077425494E-02 -1.1367732719E-02  4.8430458787E-02
  3.1200000000E+00 -4.9681175020E-02 -6.0982174597E-03  5.0054044867E-02
  3.1300000000E+00 -5.2068848863E-02 -3.6706069432E-04  5.2070142649E-02
  3.1400000000E+00 -5.3878498040E-02  5.7551684980E-03  5.4185002681E-02
  3.1500000000E+00 -5.4759179465E-02  1.2137523263E-02  5.6088209159E-02
  3.1600000000E+00 -5.4413297954E-02  1.8598669731E-02  5.7504065160E-02
  3.1700000000E+00 -5.2632746356E-02  2.4922710091E-02  5.8235276828E-02
  3.1800000000E+00 -4.9324864509E-02  3.0878973466E-02  5.8193240682E-02
  3.1900000000E+00 -4.4525447646E-02  3.6243506161E-02  5.7411734227E-02
  3.2000000000E+00 -3.8397531431E-02  4.0819852393E-02  5.6041330903E-02
  3.2100000000E+00 -3.1216291546E-02  4.4456848637E-02  5.4321894744E-02
  3.2200000000E+00 -2.3341938881E-02  4.7061537960E-02  5.2532223119E-02
  3.2300000000E+00 -1.5183795941E-02  4.8605896011E-02  5.0922301462E-02
  3.2400000000E+00 -7.1596651490E-03  4.9126777492E-02  4.9645755828E-02
  3.2500000000E+00  3.4495094419E-04  4.8719257618E-02  4.8720478795E-02
  3.2600000000E+00  7.0132850582E-03  4.7524270626E-02  4.8038968201E-02
  3.2700000000E+00  1.2625471011E-02  4.5712056486E-02  4.7423566150E-02
  3.2800000000E+00  1.7075509276E-02  4.3463352559E-02  4.6697280785E-02
  3.2900000000E+00  2.0375404367E-02  4.0950465891E-02  4.5739455176E-02
  3.3000000000E+00  2.2646306164E-02  3.8320317525E-02  4.4511817735E-02
  3.3100000000E+00  2.4097938743E-02  3.5681273453E-02  4.3056520144E-02
  3.3200000000E+00  2.4998881252E-02  3.3095104225E-02  4.1475655359E-02
  3.3300000000E+00  2.5641236010E-02  3.0574804308E-02  3.9903529200E-02
  3.3400000000E+00  2.6303776684E-02  2.8088324751E-02  3.8481718454E-02
  3.3500000000E+00  2.7217759179E-02  2.5567605856E-02  3.7343123650E-02
  3.3600000000E+00  2.8539198439E-02  2.2921714832E-02  3.6604519644E-02
  3.3700000000E+00  3.0330616331E-02  2.0052459818E-02  3.6359970184E-02
  3.3800000000E+00  3.2554146098E-02  1.6870611291E-02  3.6665923600E-02
  3.3900000000E+00  3.5076568179E-02  1.3310837087E-02  3.7517249622E-02
  3.4000000000E+00  3.7685500642E-02  9.3436458155E-03  3.8826546019E-02
  3.4100000000E+00  4.0114726664E-02  4.9830092656E-03  4.0423033986E-02
  3.4200000000E+00  4.2075648426E-02  2.8885109888E-04  4.2076639902E-02
  3.4300000000E+00  4.3291218049E-02 -4.6358144240E-03  4.3538722255E-02
  3.4400000000E+00  4.3528477140E-02 -9.6527023466E-03  4.4585905674E-02
  3.4500000000E+00  4.2626054427E-02 -1.4600093809E-02  4.5057111040E-02
  3.4600000000E+00  4.0513593932E-02 -1.9307315152E-02  4.4878989646E-02
  3.4700000000E+00  3.7221037613E-02 -2.3610215321E-02  4.4077748451E-02
  3.4800000000E+00  3.2876854432E-02 -2.7365918118E-02  4.2775939871E-02
  3.4900000000E+00  2.7695558041E-02 -3.0465241026E-02  4.1172501090E-02
  3.5000000000E+00  2.1956046570E-02 -3.2841465004E-02  3.9504807360E-02
  3.5100000000E+00  1.5973298084E-02 -3.4474573099E-02  3.7995294999E-02
  3.5200000000E+00  1.0066655547E-02 -3.5390598347E-02  3.6794456176E-02
  3.5300000000E+00  4.5282622039E-03 -3.5656272752E-02  3.5942661910E-02
  3.5400000000E+00 -4.0486803686E-04 -3.5369686872E-02  3.5372004008E-02
  3.5500000000E+00 -4.5721253523E-03 -3.4648096374E-02  3.4948460804E-02
  3.5600000000E+00 -7.9016984516E-03 -3.3614302183E-02  3.4530539377E-02
  3.5700000000E+00 -1.0412893336E-02 -3.2383154950E-02  3.4016129588E-02
  3.5800000000E+00 -1.2208327403E-02 -3.1049682281E-02  3.3363543393E-02
  3.5900000000E+00 -1.3457082591E-02 -2.9680118253E-02  3.2588379698E-02
  3.6000000000E+00 -1.4370893672E-02 -2.8306757318E-02  3.1745788615E-02
  3.6100000000E+00 -1.5176191188E-02 -2.6927101813E-02  3.0909312367E-02
  3.6200000000E+00 -1.6085233752E-02 -2.5507276921E-02  3.0155528860E-02
  3.6300000000E+00 -1.7269610435E-02 -2.3989205374E-02  2.9558779052E-02
  3.6400000000E+00 -1.8839071430E-02 -2.2300620262E-02  2.9192949087E-02
  3.6500000000E+00 -2.0827996398E-02 -2.0366693058E-02  2.9130870569E-02
  3.6600000000E+00 -2.3190912525E-02 -1.8121896636E-02  2.9431642180E-02
  3.6700000000E+00 -2.5807433063E-02 -1.5520724480E-02  3.0115054203E-02
  3.6800000000E+00 -2.8495920750E-02 -1.2546043828E-02  3.1135521757E-02
  3.6900000000E+00 -3.1034208973E-02 -9.2141513945E-03  3.2373178906E-02
  3.7000000000E+00 -3.3184944150E-02 -5.5759902123E-03  3.3650143909E-02
  3.7100000000E+00 -3.4722628645E-02 -1.7144291195E-03  3.4764927833E-02
  3.7200000000E+00 -3.5459294399E-02  2.2620482280E-03  3.5531372356E-02
  3.7300000000E+00 -3.5265934852E-02  6.2285003002E-03  3.5811735185E-02
  3.7400000000E+00 -3.4087339237E-02  1.0054479786E-02  3.5539263639E-02
  3.7500000000E+00 -3.1948746180E-02  1.3615547627E-02  3.4729029927E-02
  3.7600000000E+00 -2.8953672185E-02  1.6804075223E-02  3.3476739344E-02
  3.7700000000E+00 -2.5273267389E-02  1.9538164094E-02  3.1944919794E-02
  3.7800000000E+00 -2.1128493379E-02  2.1767744360E-02  3.0335588457E-02
  3.7900000000E+00 -1.6767201081E-02  2.3477246141E-02  2.8849958725E-02
  3.8000000000E+00 -1.2438725455E-02  2.4684631743E-02  2.7641507471E-02
  3.8100000000E+00 -8.3688513335E-03  2.5436986218E-02  2.6778311009E-02
  3.8200000000E+00 -4.7379190727E-03  2.5803243015E-02  2.6234618869E-02
  3.8300000000E+00 -1.6644442754E-03  2.5864928304E-02  2.5918427632E-02
  3.8400000000E+00  8.0402849413E-04  2.5706008982E-02  2.5718580047E-02
  3.8500000000E+00  2.6919551419E-03  2.5403005027E-02  2.5545240005E-02
  3.8600000000E+00  4.0887449823E-03  2.5016470649E-02  2.5348405063E-02
  3.8700000000E+00  5.1345821766E-03  2.4584769651E-02  2.5115231095E-02
  3.8800000000E+00  6.0008455872E-03  2.4120790996E-02  2.4856039629E-02
  3.8900000000E+00  6.8674359632E-03  2.3611904200E-02  2.4590317132E-02
  3.9000000000E+00  7.8996305799E-03  2.3023081112E-02  2.4340633254E-02
  3.9100000000E+00  9.2270979265E-03  2.2302753219E-02  2.4136116865E-02
  3.9200000000E+00  1.0927421770E-02  2.1390671809E-02  2.4020187073E-02
  3.9300000000E+00  1.3015941004E-02  2.0226824953E-02  2.4052841161E-02
  3.9400000000E+00  1.5442973815E-02  1.8760362564E-02  2.4298902111E-02
  3.9500000000E+00  1.8098647455E-02  1.6957498267E-02  2.4801568240E-02
  3.9600000000E+00  2.0824694943E-02  1.4807490170E-02  2.5552488814E-02
  3.9700000000E+00  2.3431803974E-02  1.2326034696E-02  2.6476037634E-02
  3.9800000000E+00  2.5720497087E-02  9.5557105023E-03  2.7438213747E-02
  3.9900000000E+00  2.7503151355E-02  6.5634477617E-03  2.8275469597E-02
  4.0000000000E+00  2.8624668729E-02  3.4353330905E-03  2.8830074111E-02
  4.0100000000E+00  2.8979491836E-02  2.6935454017E-04  2.8980743589E-02
  4.0200000000E+00  2.8523099857E-02 -2.8330879312E-03  2.8663454305E-02
  4.0300000000E+00  2.7276762227E-02 -5.7759567337E-03  2.7881596686E-02
  4.0400000000E+00  2.5325099359E-02 -8.4766703604E-03  2.6706077921E-02
  4.0500000000E+00  2.2806810941E-02 -1.0872644266E-02  2.5265886460E-02
  4.0600000000E+00  1.9899692191E-02 -1.2925595788E-02  2.3729070268E-02
  4.0700000000E+00  1.6801682113E-02 -1.4623192268E-02  2.2274071786E-02
  4.0800000000E+00  1.3710107289E-02 -1.5977926081E-02  2.1053768397E-02
  4.0900000000E+00  1.0801455792E-02 -1.7023412224E-02  2.0161051831E-02
  4.1000000000E+00  8.2139226832E-03 -1.7808588116E-02  1.9611586793E-02
  4.1100000000E+00  6.0346253148E-03 -1.8390520125E-02  1.9355307622E-02
  4.1200000000E+00  4.2928353009E-03 -1.8826662676E-02  1.9309885096E-02
  4.1300000000E+00  2.9598792488E-03 -1.9167459469E-02  1.9394648429E-02
  4.1400000000E+00  1.9556020852E-03 -1.9450119037E-02  1.9548184317E-02
  4.1500000000E+00  1.1605510702E-03 -1.9694247035E-02  1.9728412128E-02
  4.1600000000E+00  4.3240761215E-04 -1.9899793746E-02  1.9904491138E-02
  4.1700000000E+00 -3.7526278790E-04 -2.0047503830E-02  2.0051015735E-02
  4.1800000000E+00 -1.3941058197E-03 -2.0101767818E-02  2.0150052121E-02
  4.1900000000E+00 -2.7240695775E-03 -2.0015503772E-02  2.0200023423E-02
  4.2000000000E+00 -4.4203881476E-03 -1.9736473284E-02  2.0225434706E-02
  4.2100000000E+00 -6.4858899408E-03 -1.9214282828E-02  2.0279433743E-02
  4.2200000000E+00 -8.8694441601E-03 -1.8407255493E-02  2.0432672231E-02
  4.2300000000E+00 -1.1470656488E-02 -1.7288385196E-02  2.0747631743E-02
  4.2400000000E+00 -1.4150219430E-02 -1.5849700954E-02  2.1247158169E-02
  4.2500000000E+00 -1.6744693054E-02 -1.4104558098E-02  2.1893453465E-02
  4.2600000000E+00 -1.9084007877E-02 -1.2087613956E-02  2.2590036914E-02
  4.2700000000E+00 -2.1009695811E-02 -9.8525095188E-03  2.3205155933E-02
  4.2800000000E+00 -2.2391796967E-02 -7.4675357769E-03  2.3604166200E-02
  4.2900000000E+00 -2.3142563237E-02 -5.0097850988E-03  2.3678601730E-02
  4.3000000000E+00 -2.3225461616E-02 -2.5584497307E-03  2.3365952416E-02
  4.3100000000E+00 -2.2658525502E-02 -1.8801418907E-04  2.2659305533E-02
  4.3200000000E+00 -2.1511747403E-02  2.0379122967E-03  2.1608062450E-02
  4.3300000000E+00 -1.9898877958E-02  4.0714614960E-03  2.0311133467E-02
  4.3400000000E+00 -1.7964618023E-02  5.8835654592E-03  1.8903540495E-02
  4.3500000000E+00 -1.5868693748E-02  7.4649159266E-03  1.7536830131E-02
  4.3600000000E+00 -1.3768634019E-02  8.8247708207E-03  1.6353955570E-02
  4.3700000000E+00 -1.1803190555E-02  9.9877969104E-03  1.5461933722E-02
  4.3800000000E+00 -1.0078242490E-02  1.0989354333E-02  1.4910965104E-02
  4.3900000000E+00 -8.6567231902E-03  1.1869795783E-02  1.4691184715E-02
  4.4000000000E+00 -7.5536342556E-03  1.2668452888E-02  1.4749477585E-02
  4.4100000000E+00 -6.7366252431E-03  1.3418004459E-02  1.5014158762E-02
  4.4200000000E+00 -6.1319850691E-03  1.4139864851E-02  1.5412236013E-02
  4.4300000000E+00 -5.6352839022E-03  1.4841103121E-02  1.5874972961E-02
  4.4400000000E+00 -5.1253905605E-03  1.5513220765E-02  1.6337981727E-02
  4.4500000000E+00 -4.4802265607E-03  1.6132898936E-02  1.6743442242E-02
  4.4600000000E+00 -3.5924430446E-03  1.6664600272E-02  1.7047420604E-02
  4.4700000000E+00 -2.3832381548E-03  1.7064701332E-02  1.7230317921E-02
  4.4800000000E+00 -8.1276395206E-04  1.7286662507E-02  1.7305758749E-02
  4.4900000000E+00  1.1140248155E-03  1.7286631461E-02  1.7322490541E-02
  4.5000000000E+00  3.3467003134E-03  1.7028835280E-02  1.7354585387E-02
  4.5100000000E+00  5.7938989100E-03  1.6490149046E-02  1.7478394667E-02
  4.5200000000E+00  8.3325083331E-03  1.5663329583E-02  1.7741775243E-02
  4.5300000000E+00  1.0820429457E-02  1.4558560303E-02  1.8139277046E-02
  4.5400000000E+00  1.3111447127E-02  1.3203147698E-02  1.8607341425E-02
  4.5500000000E+00  1.5070523463E-02  1.1639419672E-02  1.9041973841E-02
  4.5600000000E+00  1.6587798348E-02  9.9210766385E-03  1.9328290553E-02
  4.5700000000E+00  1.7589746189E-02  8.1084157868E-03  1.9368675163E-02
  4.5800000000E+00  1.8046274787E-02  6.2629684439E-03  1.9102167611E-02
  4.5900000000E+00  1.7973021368E-02  4.4421474745E-03  1.8513837292E-02
  4.6000000000E+00  1.7428648115E-02  2.6944906570E-03  1.7635703984E-02
  4.6100000000E+00  1.6507502609E-02  1.0560093230E-03  1.6541245360E-02
  4.6200000000E+00  1.5328523794E-02 -4.5198110031E-04  1.5335185966E-02
  4.6300000000E+00  1.4021684202E-02 -1.8233448290E-03  1.4139738832E-02
  4.6400000000E+00  1.2713519338E-02 -3.0659128193E-03  1.3077973672E-02
  4.6500000000E+00  1.1513377824E-02 -4.1987532366E-03  1.2255096803E-02
  4.6600000000E+00  1.0501924009E-02 -5.2482728111E-03  1.1740305592E-02
  4.6700000000E+00  9.7231518562E-03 -6.2436221650E-03  1.1555193627E-02
  4.6800000000E+00  9.1807577590E-03 -7.2119483597E-03  1.1674695378E-02
  4.6900000000E+00  8.8392183563E-03 -8.1740456248E-03  1.2039385492E-02
  4.7000000000E+00  8.6293849085E-03 -9.1409006160E-03  1.2570694013E-02
  4.7100000000E+00  8.4578988227E-03 -1.0111518729E-02  1.3182521136E-02
  4.7200000000E+00  8.2193102184E-03 -1.1072266211E-02  1.3789566328E-02
  4.7300000000E+00  7.8094895468E-03 -1.1997786841E-02  1.4315551546E-02
  4.7400000000E+00  7.1387925409E-03 -1.2853371957E-02  1.4702772855E-02
  4.7500000000E+00  6.1434839125E-03 -1.3598499061E-02  1.4921848790E-02
  4.7600000000E+00  4.7941381324E-03 -1.4191125162E-02  1.4979045156E-02
  4.7700000000E+00  3.1000904595E-03 -1.4592240644E-02  1.4917910305E-02
  4.7800000000E+00  1.1094665993E-03 -1.4770165962E-02  1.4811776351E-02
  4.7900000000E+00 -1.0951773968E-03 -1.4704108728E-02  1.4744837300E-02
  4.8000000000E+00 -3.4050792729E-03 -1.4386587937E-02  1.4784061598E-02
  4.8100000000E+00 -5.6964035368E-03 -1.3824464293E-02  1.4952084344E-02
  4.8200000000E+00 -7.8430107551E-03 -1.3038475304E-02  1.5215605671E-02
  4.8300000000E+00 -9.7294200125E-03 -1.2061342689E-02  1.5496373809E-02
  4.8400000000E+00 -1.1262514915E-02 -1.0934678404E-02  1.5697497699E-02
  4.8500000000E+00 -1.2380700129E-02 -9.7050466274E-03  1.5731168606E-02
  4.8600000000E+00 -1.3059515721E-02 -8.4196279161E-03  1.5538374597E-02
  4.8700000000E+00 -1.3313125105E-02 -7.1219691393E-03  1.5098402051E-02
  4.8800000000E+00 -1.3191562052E-02 -5.8482851958E-03  1.4429821520E-02
  4.8900000000E+00 -1.2774099506E-02 -4.6247087978E-03  1.3585490409E-02
  4.9000000000E+00 -1.2159534040E-02 -3.4657713431E-03  1.2643806352E-02
  4.9100000000E+00 -1.1454516787E-02 -2.3742545296E-03  1.1697992964E-02
  4.9200000000E+00 -1.0761267638E-02 -1.3423954946E-03  1.0844671818E-02
  4.9300000000E+00 -1.0166062803E-02 -3.5427576694E-04  1.0172233984E-02
  4.9400000000E+00 -9.7297820468E-03  6.1090667012E-04  9.7489417701E-03
  4.9500000000E+00 -9.4815546140E-03  1.5750779361E-03  9.6114904361E-03
  4.9600000000E+00 -9.4161812894E-03  2.5574860502E-03  9.7573154592E-03
  4.9700000000E+00 -9.4955762987E-03  3.5712984882E-03  1.0144956488E-02
  4.9800000000E+00 -9.6540163400E-03  4.6209899233E-03  1.0702970586E-02
  4.9900000000E+00 -9.8065566252E-03  5.7008150746E-03  1.1343184974E-02
  5.0000000000E+00 -9.8596231786E-03  6.7945340945E-03  1.1974049557E-02
